# boujou export: text
# Copyright (c) 2009, Vicon Motion Systems
# boujou Version: 5.0.2 51953 
# Creation date : Fri May 11 14:55:23 2018
# The image sequence file name was J:/t3/#######.jpeg
# boujou frame 0 is image sequence file 17334
# boujou frame 123 is image sequence file 17457
# One boujou frame for every image sequence frame
# Exporting camera data for boujou frames 0 to 123
# First boujou frame indexed to animation frame 1

#The Camera (One line per time frame)
#Image Size 1024 576
#Filmback Size 20.12 11.3175
#Line Format: Camera Rotation Matrix (9 numbers - 1st row, 2nd row, 3rd row) Camera Translation (3 numbers) Focal Length (mm)
#rotation applied before translation
#R(0,0)	R(0,1)	R(0,2)	R(1,0)	R(1,1)	R(1,2)	R(2,0)	R(2,1)	R(2,2)	Tx	Ty	Tz	F(mm)
1.000000000000	0.000000000000	-0.000000000000	0.000000000000	-1.000000000000	0.000000000000	-0.000000000000	-0.000000000000	-1.000000000000	0.788379805301	0.268880696403	2.551788763152	24.008723
0.999991346833	-0.001694630823	-0.003799274374	-0.001682927515	-0.999993836069	0.003081489868	-0.003804472944	-0.003075069300	-0.999988034896	0.790643868492	0.268136034022	2.551126839098	24.008723
0.999966032218	-0.003538459974	-0.007444038643	-0.003492571394	-0.999974875659	0.006168467908	-0.007465678493	-0.006142259542	-0.999953267054	0.791187597714	0.266948168077	2.549459669658	24.008723
0.999913864102	-0.005573954257	-0.011882567512	-0.005460726830	-0.999939581540	0.009540111711	-0.011935025731	-0.009474402509	-0.999883888688	0.793249060378	0.266471465217	2.548202651547	24.008723
0.999837700052	-0.007860777025	-0.016210544100	-0.007659246517	-0.999893075104	0.012456897764	-0.016306731685	-0.012330715457	-0.999791000139	0.794089124534	0.264632697981	2.546333786508	24.008723
0.999718330079	-0.010289684438	-0.021386512054	-0.009951267194	-0.999824534294	0.015870504251	-0.021546061935	-0.015653211112	-0.999645309196	0.796244801260	0.264503217052	2.545409773062	24.008723
0.999546915617	-0.012972926745	-0.027160019365	-0.012468479300	-0.999748123068	0.018660853311	-0.027395264266	-0.018313754231	-0.999456905475	0.798806263080	0.262937687186	2.544178024924	24.008723
0.999320106210	-0.015906471441	-0.033261231052	-0.015210318588	-0.999662100112	0.021079179494	-0.033585287452	-0.020558933970	-0.999224378556	0.800740733837	0.260956003400	2.542393959007	24.008723
0.999027668353	-0.018656550553	-0.039945600343	-0.017703883224	-0.999553467943	0.024071502707	-0.040376854559	-0.023340904979	-0.998911863865	0.803601379728	0.261026694871	2.540831310852	24.008723
0.998686067017	-0.021582700755	-0.046479313405	-0.020361923596	-0.999439285216	0.026580203805	-0.047026924352	-0.025598870970	-0.998565554278	0.805456617010	0.259556586626	2.538923825454	24.008723
0.998199360768	-0.024895755985	-0.054573230576	-0.023326840808	-0.999301372059	0.029199765403	-0.055262054427	-0.027874166098	-0.998082730141	0.811264878228	0.257944769678	2.538020072438	24.008723
0.997743563991	-0.027865137337	-0.061084487682	-0.025936137232	-0.999146548469	0.032147962098	-0.061928162412	-0.030491126624	-0.997614752245	0.811986568016	0.257156582586	2.535789037621	24.008723
0.997146949514	-0.030931874306	-0.068856228674	-0.028546042629	-0.998966578888	0.035368032395	-0.069879070726	-0.033301552774	-0.996999459407	0.816412143093	0.256726649496	2.534211481130	24.008723
0.996511460900	-0.034119763467	-0.076162655122	-0.031252641484	-0.998768803802	0.038524653813	-0.077383336027	-0.036009974897	-0.996350892514	0.819649491431	0.255602682091	2.532232825520	24.008723
0.995831500320	-0.037022609954	-0.083360358219	-0.033592510055	-0.998545073683	0.042181501762	-0.084800744327	-0.039205384514	-0.995626321260	0.822322111186	0.255896364340	2.529995945731	24.008723
0.995101049229	-0.040463153047	-0.090203298546	-0.036564078541	-0.998341491086	0.044467238909	-0.091852980265	-0.040951195602	-0.994930163175	0.824124045085	0.252044454731	2.527555424500	24.008723
0.994260166115	-0.043382678852	-0.097799106602	-0.038815188946	-0.998086513225	0.048132039482	-0.099700066116	-0.044059678769	-0.994041569313	0.828044927542	0.251849693952	2.525428527095	24.008723
0.993315087796	-0.046766006220	-0.105537088355	-0.041484516801	-0.997800803766	0.051697106975	-0.107722658814	-0.046973361239	-0.993070658167	0.831804387837	0.250726762545	2.522955461508	24.008723
0.992329401448	-0.050049550863	-0.113037168581	-0.044048665990	-0.997515548447	0.054976773564	-0.115507896036	-0.049575932321	-0.992068623074	0.833907275688	0.248721158610	2.519907477829	24.008723
0.991144214959	-0.053532888757	-0.121521088597	-0.046683694208	-0.997193617344	0.058527961044	-0.124313224749	-0.052336596663	-0.990861798034	0.838637131937	0.247201242903	2.517505053707	24.008723
0.989843034064	-0.057036276563	-0.130221469316	-0.049257765847	-0.996847803798	0.062194280819	-0.133358315897	-0.055148156984	-0.989532334167	0.843784918288	0.245644586375	2.515132332774	24.008723
0.988515137883	-0.060551316461	-0.138460681247	-0.051799134130	-0.996476443883	0.065966252659	-0.141967150707	-0.058036495944	-0.988168555085	0.847290905962	0.243742199086	2.512548424316	24.008723
0.986983925963	-0.064096743768	-0.147493516227	-0.054200322282	-0.996061570327	0.070168890409	-0.151410220775	-0.061261370823	-0.986570823352	0.852624597719	0.242410515143	2.510182286834	24.008723
0.985252813771	-0.068060360188	-0.156986242476	-0.056994009403	-0.995631802558	0.073952664774	-0.161333740574	-0.063914795674	-0.984828067759	0.858365524277	0.239121107727	2.507789362252	24.008723
0.983615257980	-0.071689933857	-0.165413353914	-0.059279877347	-0.995127565182	0.078784675899	-0.170255456333	-0.067688125977	-0.983072427235	0.859887331919	0.237871897887	2.504375748521	24.008723
0.981546278557	-0.075580456420	-0.175654483743	-0.061563516380	-0.994568189242	0.083928841281	-0.181043741960	-0.071566134136	-0.980867703588	0.866089738994	0.236363048181	2.502010765397	24.008723
0.979599980250	-0.079238804759	-0.184675635951	-0.063482227391	-0.993940648889	0.089732899716	-0.190666949152	-0.076178726074	-0.978694495844	0.868397231642	0.236278014775	2.498877968883	24.008723
0.977130526823	-0.083468300048	-0.195573455351	-0.065838401320	-0.993299251872	0.094983688825	-0.202191093924	-0.079935218260	-0.976078440710	0.875046102426	0.233986547542	2.496114196463	24.008723
0.974969209964	-0.087314840957	-0.204477769379	-0.067832437892	-0.992628642226	0.100434749978	-0.211739934805	-0.084050563247	-0.973705141625	0.875466067712	0.233072547563	2.492817092692	24.008723
0.972280175709	-0.091553117614	-0.215149451728	-0.069947558092	-0.991904153631	0.105988155598	-0.223111180896	-0.088001003775	-0.970812661791	0.880675172903	0.231757926692	2.489904334487	24.008723
0.969362489959	-0.095995451165	-0.226100058418	-0.072146614041	-0.991142668848	0.111494735617	-0.234800402775	-0.091766460886	-0.967702272144	0.886898239787	0.230206593491	2.487002409350	24.008723
0.966574492501	-0.100092575054	-0.236040731371	-0.074048412261	-0.990396871071	0.116751318680	-0.245459941923	-0.095370405215	-0.964704049292	0.890047138594	0.228893953590	2.483492749979	24.008723
0.963525645271	-0.104559216662	-0.246344679498	-0.076235461665	-0.989615696970	0.121856172169	-0.256527747604	-0.098631346549	-0.961491223146	0.893902333163	0.227431568175	2.480596741750	24.008723
0.960293625178	-0.108858840052	-0.256877220449	-0.078137891855	-0.988828254095	0.126937597899	-0.267825733079	-0.101825521586	-0.958071469074	0.898351475331	0.226441813552	2.477606210072	24.008723
0.956941533127	-0.112942256569	-0.267407832454	-0.079838714999	-0.988080510784	0.131615666988	-0.279085438108	-0.104599000428	-0.954552443476	0.903327354166	0.224975719716	2.473890382709	24.008723
0.953494450110	-0.116944012410	-0.277799264887	-0.081115308051	-0.987220302436	0.137172815301	-0.290290613713	-0.108259745148	-0.950795029000	0.909055310558	0.226250656736	2.470285622234	24.008723
0.949853254598	-0.121154867778	-0.288271213866	-0.082940383506	-0.986484556888	0.141312107782	-0.301495750407	-0.110316440459	-0.947064198168	0.914445984292	0.224388184455	2.466161709827	24.008723
0.946171057787	-0.125252440445	-0.298449586310	-0.084751662725	-0.985791246847	0.145026802020	-0.312373950692	-0.111926063996	-0.943342499375	0.918469864144	0.222012987872	2.461475059028	24.008723
0.942594079216	-0.129170914151	-0.307946873282	-0.086435410877	-0.985106447256	0.148641203312	-0.322560570395	-0.113490803649	-0.939720445619	0.921386817907	0.219910321180	2.456599254968	24.008723
0.938658064204	-0.133122358327	-0.318118651165	-0.087962460202	-0.984397946199	0.152391893202	-0.333442115067	-0.115061380281	-0.935722840732	0.926419339268	0.218102485390	2.453108903375	24.008723
0.934583909926	-0.137081131240	-0.328270740038	-0.089367614043	-0.983653465782	0.156330703366	-0.344334640819	-0.116767387196	-0.931557315692	0.931262306083	0.216777781010	2.449748766205	24.008723
0.930589446469	-0.140888679692	-0.337866337557	-0.090673312154	-0.982922323180	0.160131374367	-0.354657063348	-0.118381107143	-0.927471983883	0.934765992287	0.215556436649	2.446272048305	24.008723
0.926082411987	-0.144792329561	-0.348434423541	-0.091864045844	-0.982176170604	0.163984654703	-0.365967707987	-0.119854708699	-0.922877286270	0.940630147530	0.214350303848	2.441966233988	24.008723
0.921903913374	-0.148503479559	-0.357826621515	-0.093050547032	-0.981456649169	0.167584132599	-0.376078143745	-0.121200504788	-0.918627055685	0.943953158135	0.213079664234	2.439028254061	24.008723
0.917189096050	-0.152394214407	-0.368157799729	-0.094267332481	-0.980731263418	0.171113585026	-0.387140584430	-0.122238260660	-0.913881817041	0.949841967493	0.211168728229	2.434842554196	24.008723
0.912617980948	-0.156057473802	-0.377855112074	-0.095417050703	-0.980056078613	0.174314856534	-0.397522335580	-0.123029052032	-0.909307343571	0.954660181190	0.209114325943	2.431049492204	24.008723
0.907985808509	-0.159783819377	-0.387338227667	-0.096560485845	-0.979346139932	0.177643493477	-0.407722753989	-0.123896203601	-0.904661199905	0.959437545351	0.207688844542	2.427529409529	24.008723
0.903404159568	-0.163185253796	-0.396524270908	-0.097474748731	-0.978697137416	0.180694733109	-0.417563884736	-0.124589269830	-0.900065506509	0.963659528789	0.206186233991	2.423965074946	24.008723
0.898768316564	-0.166450866936	-0.405597857536	-0.098218420762	-0.978056438434	0.183735530208	-0.427280534268	-0.125298492146	-0.895394679961	0.967375271741	0.205218758374	2.419881407073	24.008723
0.894073559041	-0.169975885726	-0.414416058202	-0.099348796389	-0.977408619911	0.186553494686	-0.436763423011	-0.125620810359	-0.890762103103	0.971333325117	0.203536515584	2.416703033726	24.008723
0.889319070171	-0.173073215384	-0.423269717257	-0.099986291104	-0.976808615088	0.189334812121	-0.446222291041	-0.126057889901	-0.885999478201	0.976044109435	0.202120358034	2.413403840658	24.008723
0.884691682051	-0.176302435828	-0.431553100824	-0.100754431137	-0.976161460668	0.192242938267	-0.455158403544	-0.126594841239	-0.881365176221	0.980212703707	0.200748361853	2.409609071927	24.008723
0.880063533397	-0.179303492337	-0.439702666378	-0.101256084484	-0.975533932705	0.195142900192	-0.463934674862	-0.127215579926	-0.876687409334	0.984680205258	0.199670159536	2.406042761673	24.008723
0.875182880166	-0.182327665958	-0.448120015722	-0.101792219704	-0.974928556349	0.197870295959	-0.472962229224	-0.127557564423	-0.871800319733	0.989819525977	0.197665057145	2.401860004287	24.008723
0.870343646810	-0.185288109581	-0.456256783955	-0.102226307673	-0.974311062638	0.200668221801	-0.481717467482	-0.128008865586	-0.866926762682	0.995224185270	0.195622510340	2.397769758400	24.008723
0.865811240212	-0.187986764528	-0.463715292700	-0.102352656016	-0.973685122169	0.203620275690	-0.489790598244	-0.128834231584	-0.862268467847	0.999778501249	0.194483041358	2.394384826843	24.008723
0.861417891005	-0.190737317739	-0.470721247319	-0.102610527792	-0.973050172380	0.206505306513	-0.497423659110	-0.129586409987	-0.857774484176	1.003305449670	0.193023027988	2.390871932107	24.008723
0.856914742528	-0.193414129947	-0.477795038039	-0.102696823405	-0.972410834034	0.209452935801	-0.505124228779	-0.130415275909	-0.853136196225	1.007300734426	0.191529407325	2.387338075307	24.008723
0.852365247881	-0.195741202093	-0.484931815833	-0.102540801754	-0.971863505947	0.212053554049	-0.512795152258	-0.131021782969	-0.848454137952	1.011401920811	0.189899202734	2.384034344625	24.008723
0.847772488031	-0.198116304157	-0.491967212896	-0.102449108433	-0.971312644304	0.214606447239	-0.520371010644	-0.131535839383	-0.843748975845	1.015652897677	0.188068321582	2.380669360537	24.008723
0.843233297714	-0.200723478925	-0.498665910841	-0.102542503868	-0.970697281459	0.217328835335	-0.527676643909	-0.132124459417	-0.839106957841	1.019788537137	0.186307369846	2.377261923315	24.008723
0.838495050860	-0.203094621517	-0.505646738736	-0.102264114262	-0.970109596949	0.220066855391	-0.535227148618	-0.132815453237	-0.834201387414	1.024068803582	0.184656190031	2.373413117430	24.008723
0.833814472949	-0.205441460382	-0.512393629017	-0.102064116707	-0.969542323369	0.222644558159	-0.542527732731	-0.133347251764	-0.829386622550	1.027979751519	0.183355352706	2.369935378405	24.008723
0.828955823913	-0.207907088389	-0.519236829007	-0.102115555507	-0.968999968973	0.224969939001	-0.549913316190	-0.133467983907	-0.824488715477	1.032265660100	0.181648514876	2.365969555573	24.008723
0.824193403214	-0.210367009713	-0.525786035687	-0.102133816618	-0.968437141478	0.227372352121	-0.557022367237	-0.133698258142	-0.819665089026	1.036568544837	0.180728372889	2.362212694261	24.008723
0.819646063530	-0.212728526817	-0.531908736927	-0.102167477992	-0.967893939387	0.229658721888	-0.563686204356	-0.133895093177	-0.815064394414	1.040800700749	0.179817796640	2.359221041349	24.008723
0.815181621558	-0.214840264729	-0.537887148503	-0.102109326372	-0.967424320412	0.231654634623	-0.570133852127	-0.133917306296	-0.810563720958	1.044532851483	0.178409816500	2.355419628000	24.008723
0.810762576930	-0.217036128011	-0.543653716061	-0.102154845190	-0.966934347882	0.233671467001	-0.576392601838	-0.133915219540	-0.806125475669	1.048681803939	0.176991447173	2.352022745594	24.008723
0.806705830781	-0.219034318045	-0.548862159474	-0.102152999847	-0.966478604830	0.235550145466	-0.582057099610	-0.133951759696	-0.802038938499	1.051463414935	0.175725706686	2.349181823944	24.008723
0.802324996541	-0.220988289951	-0.554471618417	-0.102113459183	-0.966061706744	0.237271195505	-0.588087953778	-0.133749596137	-0.797661334248	1.055314457177	0.174364162592	2.346209136684	24.008723
0.798281957537	-0.222754879220	-0.559576786558	-0.102029082248	-0.965678524992	0.238861995186	-0.593578960751	-0.133586115119	-0.793611219175	1.058270093625	0.173215142791	2.343673259822	24.008723
0.794332386128	-0.224469190644	-0.564490604704	-0.102024199101	-0.965323464727	0.240294967164	-0.598854843134	-0.133282372797	-0.789688980521	1.061639770872	0.171968693969	2.340177371869	24.008723
0.791226913848	-0.225703911349	-0.568346474612	-0.102045751766	-0.965095727390	0.241198883747	-0.602948285799	-0.132845705145	-0.786641839261	1.064181550944	0.170874915213	2.338063504018	24.008723
0.788495490952	-0.226625362336	-0.571765516531	-0.102069663127	-0.964964238461	0.241714299040	-0.606511866840	-0.132230721231	-0.784001525346	1.067544189456	0.169307436213	2.334577835022	24.008723
0.786631714036	-0.227240905044	-0.574083719981	-0.102131102906	-0.964888602004	0.241990131083	-0.608916894405	-0.131725308112	-0.782220339106	1.069854641331	0.168253644499	2.332891342824	24.008723
0.784843433745	-0.227983462280	-0.576232874308	-0.102200148460	-0.964753192970	0.242500322288	-0.611208568462	-0.131433700327	-0.780480152379	1.072233514427	0.167561513958	2.330725001384	24.008723
0.783156359973	-0.228581655872	-0.578287594915	-0.102316265462	-0.964678578733	0.242748061899	-0.613349409110	-0.130941461473	-0.778881785646	1.074721267963	0.166395898619	2.328881407896	24.008723
0.781817713755	-0.229176076297	-0.579861525290	-0.102310712564	-0.964547674383	0.243270018574	-0.615055754021	-0.130866763906	-0.777547625262	1.076466769290	0.166220403282	2.327278016434	24.008723
0.780599900910	-0.229564326038	-0.581346725207	-0.102354333996	-0.964502528154	0.243430613309	-0.616593370878	-0.130518555748	-0.776387481606	1.078521370042	0.165468894233	2.325746972591	24.008723
0.779512030971	-0.229959875453	-0.582648649919	-0.102356986082	-0.964433745288	0.243701863658	-0.617967669843	-0.130330374941	-0.775325707298	1.080119942378	0.164886090014	2.323849538962	24.008723
0.778501868384	-0.230149526590	-0.583922971232	-0.102191125316	-0.964408455119	0.243871494033	-0.619267159495	-0.130182668223	-0.774313023309	1.081871602631	0.164470174322	2.322293474145	24.008723
0.777583132750	-0.230504293848	-0.585006189865	-0.102346049838	-0.964373309374	0.243945498522	-0.620394840199	-0.129814832297	-0.773471622990	1.083449342003	0.163782261410	2.321398323720	24.008723
0.776785960756	-0.230754420590	-0.585965842478	-0.102434016513	-0.964356818824	0.243973765492	-0.621378180687	-0.129492561043	-0.772735940151	1.084670579997	0.163156913555	2.320125088178	24.008723
0.776223741778	-0.230922531036	-0.586644259633	-0.102425649660	-0.964333821329	0.244068161242	-0.622081738192	-0.129364081956	-0.772191197378	1.085637288256	0.163092367753	2.319289366830	24.008723
0.775652842258	-0.231074841854	-0.587338987092	-0.102446374816	-0.964324091765	0.244097903163	-0.622790019656	-0.129164482362	-0.771653502495	1.086755539708	0.162747561266	2.318487184765	24.008723
0.775149505095	-0.231155094753	-0.587971569823	-0.102440427992	-0.964332828615	0.244065881204	-0.623417358969	-0.128955487766	-0.771181741687	1.087592309626	0.162371344081	2.317702748931	24.008723
0.774788412968	-0.231239876721	-0.588413999276	-0.102385776211	-0.964317326647	0.244150048859	-0.623875041944	-0.128919404832	-0.770817565379	1.088404739141	0.162208151557	2.317207359107	24.008723
0.774489517300	-0.231369643501	-0.588756380568	-0.102324543245	-0.964276454353	0.244337077477	-0.624256097641	-0.128992277469	-0.770496798767	1.089065423976	0.162289283237	2.316737558578	24.008723
0.774359681027	-0.231269995935	-0.588966275248	-0.102188033646	-0.964300724334	0.244298421666	-0.624439500815	-0.128989542326	-0.770348627436	1.089429907271	0.162132306545	2.316281204517	24.008723
0.774307914714	-0.231132689610	-0.589088221751	-0.102047851597	-0.964333142457	0.244229044841	-0.624526612080	-0.128993294992	-0.770277379034	1.089658035219	0.161992820345	2.316130775178	24.008723
0.774349422064	-0.231105188721	-0.589044450187	-0.101980561884	-0.964327085434	0.244281062093	-0.624486138795	-0.129087815248	-0.770294358286	1.089726005769	0.161825665309	2.316210906167	24.008723
0.774310622480	-0.231064894724	-0.589111258032	-0.101864619944	-0.964323149787	0.244344965140	-0.624553167567	-0.129189307653	-0.770222996067	1.090007027995	0.161646026894	2.315876232539	24.008723
0.774291443447	-0.231039093269	-0.589146584464	-0.101761656267	-0.964314192432	0.244423205912	-0.624593728689	-0.129302264699	-0.770171148788	1.090256542718	0.161632446970	2.315725407186	24.008723
0.774289577522	-0.230974416085	-0.589174396299	-0.101661175889	-0.964320379577	0.244440608022	-0.624612404182	-0.129371653183	-0.770144350038	1.090262404046	0.161582020729	2.315485956989	24.008723
0.774322316813	-0.230890592909	-0.589164224807	-0.101578334921	-0.964335180289	0.244416656413	-0.624585295664	-0.129410950710	-0.770159732962	1.090229261273	0.161477705008	2.315648543003	24.008723
0.774325132991	-0.230854962656	-0.589174485731	-0.101504322782	-0.964334381407	0.244450553882	-0.624593836725	-0.129480450470	-0.770141124776	1.090340830608	0.161515413618	2.315783334031	24.008723
0.774358718472	-0.230850930362	-0.589131923323	-0.101478236078	-0.964327755643	0.244487519722	-0.624556436785	-0.129536974058	-0.770161950256	1.090266816530	0.161587227828	2.315942294762	24.008723
0.774357464977	-0.230839595604	-0.589138012299	-0.101469367357	-0.964330727900	0.244479477085	-0.624559431858	-0.129535046720	-0.770159845583	1.090227025415	0.161545786631	2.315898753075	24.008723
0.774376370237	-0.230762997073	-0.589143171394	-0.101400513734	-0.964346603590	0.244445421229	-0.624547174386	-0.129553337770	-0.770166708992	1.090101724145	0.161689057610	2.315947898471	24.008723
0.774400221787	-0.230675200100	-0.589146203038	-0.101353454388	-0.964371212851	0.244367839758	-0.624525238705	-0.129526506489	-0.770189009489	1.089991399259	0.161690772015	2.316073312877	24.008723
0.774425394472	-0.230643180673	-0.589125650101	-0.101317942771	-0.964374962280	0.244367769151	-0.624499786125	-0.129555607119	-0.770204753162	1.089864206583	0.161811365501	2.316100690238	24.008723
0.774447144094	-0.230597143730	-0.589115080700	-0.101296737136	-0.964387786363	0.244325947372	-0.624476254193	-0.129542096698	-0.770226105201	1.089717728659	0.161796147052	2.316109132699	24.008723
0.774498132726	-0.230531763288	-0.589073635905	-0.101260425167	-0.964402980560	0.244281021330	-0.624418904822	-0.129545348054	-0.770272052004	1.089564372385	0.161832265193	2.316280666979	24.008723
0.774490404581	-0.230513368293	-0.589090994881	-0.101265399732	-0.964412304613	0.244242145274	-0.624427683586	-0.129508662834	-0.770271104367	1.089636091612	0.161725755027	2.316337502889	24.008723
0.774505187170	-0.230532816801	-0.589063948502	-0.101270928450	-0.964404115795	0.244272185253	-0.624408451334	-0.129535021578	-0.770282262607	1.089562557948	0.161802761293	2.316346303283	24.008723
0.774499003817	-0.230535731204	-0.589070937769	-0.101271986925	-0.964403658759	0.244273550832	-0.624415949308	-0.129533237471	-0.770276484543	1.089589765546	0.161794949685	2.316326591168	24.008723
0.774524614803	-0.230507300586	-0.589048389728	-0.101258022305	-0.964410347835	0.244252930191	-0.624386446028	-0.129534031685	-0.770300266553	1.089312315115	0.161812574945	2.316399477770	24.008723
0.774526394787	-0.230527147630	-0.589038282274	-0.101266238983	-0.964403669243	0.244275892369	-0.624382905452	-0.129548434787	-0.770300714282	1.089287187388	0.161880568928	2.316516281537	24.008723
0.774560231809	-0.230528878940	-0.588993109700	-0.101276498810	-0.964402168337	0.244277564456	-0.624339265214	-0.129556526977	-0.770334724798	1.089064779767	0.161936832138	2.316705261452	24.008723
0.774585439957	-0.230521391945	-0.588962888527	-0.101264954559	-0.964400707973	0.244288115631	-0.624309863116	-0.129580717379	-0.770354484961	1.088955821973	0.162024966677	2.316901122019	24.008723
0.774608000001	-0.230512282387	-0.588936782688	-0.101256343618	-0.964400756677	0.244291492686	-0.624283268405	-0.129596559330	-0.770373372203	1.088770157011	0.162075540758	2.316938772993	24.008723
0.774631491142	-0.230494104709	-0.588912999199	-0.101253827855	-0.964405751617	0.244272815910	-0.624254527637	-0.129591720192	-0.770397475841	1.088639624812	0.162079309556	2.317049297701	24.008723
0.774652878975	-0.230472106652	-0.588893475216	-0.101229398679	-0.964407962507	0.244274212098	-0.624231948830	-0.129614389279	-0.770411957431	1.088475804928	0.162124815470	2.317055706572	24.008723
0.774664494970	-0.230477046069	-0.588876261594	-0.101234544034	-0.964405981451	0.244279901008	-0.624216699014	-0.129620346311	-0.770423311235	1.088407119418	0.162146529284	2.317095648489	24.008723
0.774671607240	-0.230458503197	-0.588874162483	-0.101221997216	-0.964410455266	0.244267437563	-0.624209907175	-0.129620029618	-0.770428867389	1.088353923623	0.162132660395	2.317076984858	24.008723
0.774672853198	-0.230473810554	-0.588866532558	-0.101226621502	-0.964404958387	0.244287223036	-0.624207610989	-0.129633710463	-0.770428425939	1.088363218652	0.162176870143	2.317094972623	24.008723
0.774664423572	-0.230487892152	-0.588872110414	-0.101230881663	-0.964400727608	0.244302159605	-0.624217381567	-0.129640148723	-0.770419426280	1.088393219757	0.162195165308	2.317055340008	24.008723
0.774658234239	-0.230489484469	-0.588879629190	-0.101226312689	-0.964399651379	0.244308301207	-0.624225803492	-0.129645323742	-0.770411731665	1.088413427682	0.162204974701	2.317034059094	24.008723
0.774661654000	-0.230464978961	-0.588884721566	-0.101213133838	-0.964406785803	0.244285597276	-0.624223696570	-0.129635816695	-0.770415038580	1.088382061103	0.162147792979	2.317041295981	24.008723
0.774680619061	-0.230427702372	-0.588874360480	-0.101186291376	-0.964415040082	0.244264129378	-0.624204512070	-0.129640674337	-0.770429764916	1.088351183613	0.162143984647	2.317131526797	24.008723
0.774689705337	-0.230424505268	-0.588863658088	-0.101172018570	-0.964412618802	0.244279600773	-0.624195548769	-0.129664366992	-0.770433039809	1.088322375094	0.162152125158	2.317164897303	24.008723
0.774700552812	-0.230460750741	-0.588835202617	-0.101139007465	-0.964389783846	0.244383399564	-0.624187435504	-0.129769746787	-0.770421870261	1.088345362700	0.162384758099	2.317229303559	24.008723
0.774692733880	-0.230473400694	-0.588840538385	-0.101163360124	-0.964390270907	0.244371397567	-0.624193193364	-0.129743658623	-0.770421599130	1.088297307727	0.162262924658	2.317194418927	24.008723
0.774683958651	-0.230493655483	-0.588844155095	-0.101170725151	-0.964384152690	0.244392492545	-0.624202890558	-0.129753153417	-0.770412143335	1.088327681153	0.162262909695	2.317160376123	24.008723

#3D Scene Points
#x	y	z
0.419501347836	0.111761195472	-0.109635440066
1.136578107736	-0.128377250044	-0.498049335363
1.245106427837	-0.121446750104	-0.470047686367
1.347189117015	-0.150905959055	-0.744780793227
0.847177645367	0.480595700938	-0.445339580786
0.040962763957	0.452002726458	0.116369681344
0.690324686192	-0.106568715587	-0.262735179390
1.123030252113	0.331055168973	-0.577829591522
0.903248675835	0.338001275205	-0.541356703835
0.034807234928	0.436315134484	0.148817074848
0.754274733315	0.495513575440	-0.448020651166
-0.031266115876	0.125506966413	0.200276321059
1.065892501065	0.527547580450	-0.799688014450
1.247424285133	-0.340820727401	-2.382793050600
0.848388438827	-0.128015099085	-0.339480615210
1.331396323073	-0.169855468125	-0.626242837613
-0.134975929519	0.443190558068	0.246984379013
1.029042059180	0.100659654863	-0.464689778783
0.865429378753	0.098719193788	-0.495288394359
0.571123385362	-0.068554502053	-0.173317851771
0.043331139499	0.133778706518	0.149136527169
0.537668828193	0.485938914142	-0.221279890254
0.581577837499	0.466453352057	-0.332871930144
0.751637310678	-0.126280357747	-0.276960098943
1.243786453893	-0.110263247423	-0.527078177234
1.263718187053	-0.171536680303	-0.587730485485
0.903220146624	0.102965715101	-0.491343333022
0.320106971260	-0.040283815663	0.001000967176
0.039096992880	0.461042183641	0.158018675820
0.022592318597	0.427666987799	0.165680691895
0.756255144369	0.515507818218	-0.461219257792
0.533093214212	-0.058309794107	-0.180152105855
0.547363946464	0.456516915757	-0.265790215862
0.861911834902	-0.159708219529	-0.355555438209
0.985230958247	-0.166031980639	-0.400698740134
0.685403967251	0.517499087869	-0.369788063850
0.428637603811	0.498607397207	-0.158280535605
0.225771677074	0.311727489814	-0.042442953150
0.987582193281	-0.079255705449	-0.423291967935
0.331457186046	0.140161334961	-0.085573397614
0.173460074485	0.332383762373	0.016075990331
0.576739020185	0.085537393248	-0.231899689415
0.896848391697	0.316352409456	-0.485008626545
0.900038833126	-0.171536502740	-0.353579391765
1.166104535310	0.468343855410	-0.672933673013
-0.002434848671	0.415404059226	0.141491913934
1.068099054730	-0.198600079095	-0.504915868119
0.034575614726	0.108388044626	0.186019930107
0.903241187626	0.458257484794	-0.593507639317
0.532240399841	-0.031118228330	-0.117470428195
1.020094960472	0.064335241319	-0.480146104738
-0.029283575861	0.301029395772	0.186263616718
0.057135618305	0.414206701999	0.107952718131
0.580065134142	0.440958605908	-0.295294437779
1.241582900356	0.311369482917	-0.648474274031
-0.047250726550	0.162500945813	0.199941956946
0.153947056611	0.094060688466	0.049585023081
1.201775780440	0.467485010107	-0.889276213150
0.224097358897	0.339685132786	-0.017019387693
1.001557333327	-0.203609062014	-0.431389577398
0.407230862690	-0.015946812444	-0.069148440422
1.132791565848	-0.204285637322	-0.433981567686
-0.007126178177	-0.096705747364	0.267913663757
1.069749897233	0.041214335264	-0.625525080696
-0.016906667036	0.401292280055	0.171907655318
0.982772789655	0.309832586280	-0.527658051025
0.004803016620	-0.104654862732	0.259964024661
0.684966684386	0.429827526639	-0.326136232386
0.755159656028	0.147338763211	-0.372082949123
1.060046804047	-0.218409821826	-0.429229126485
0.057210124652	0.400400215870	0.116184293216
0.900142609739	0.439788445156	-0.576017050329
0.426475912435	0.533569543997	-0.249917165092
1.340016396463	-0.075681897152	-0.727170219025
1.192816760544	-0.240705225411	-0.522291544302
1.126092367362	0.363100667889	-0.614895155212
0.375408355799	0.298626363842	-0.117198082600
0.847878240216	-0.028342575253	-0.299032524491
0.189102285980	0.346166065411	-0.012194791965
0.370184818247	0.525689080202	-0.136509005014
1.242262216780	-0.228213303964	-0.413064774908
0.418215836458	0.295417947159	-0.055576332938
0.340785279015	0.001853196788	-0.064446357221
1.155657934240	-0.249127186661	-0.516611783091
1.329607357752	0.373341459958	-0.863719725357
-0.002891593901	-0.118292885981	0.288140137075
0.039899181695	0.504493452392	0.111561111795
1.315591947956	0.147365899173	-0.668819414898
0.756387050303	0.158867384877	-0.380575000093
0.694896784531	0.161741955618	-0.353684985837
1.191383801022	-0.259117784656	-0.508159707630
0.981823372716	0.426371672935	-0.565752466278
0.011974836438	-0.127207090059	0.265671923035
0.330621140233	0.173881789376	-0.097608617970
0.848861271837	0.366370787065	-0.467194869937
0.207106540893	-0.152173553244	0.137335767747
-0.016282323309	0.286910369358	0.202984774406
0.225656526485	0.178648437774	0.011753782165
-0.020723628265	-0.129767346529	0.292324261756
0.756582311064	-0.002118542650	-0.319392371103
1.311944894188	0.428395937332	-0.859191853922
1.274016581972	-0.280030240151	-0.543525879814
0.356361357308	0.285800824693	-0.121844357136
0.416831798049	0.281915387447	-0.158907494974
-0.046929541255	-0.144884651847	0.258176396289
0.713728007690	0.174260652881	-0.329507138406
0.226051401999	0.352563449939	-0.018725020704
0.694228451909	0.401178923814	-0.396385878813
1.059517166406	0.028180791190	-0.541072585078
0.733820371962	0.178638718075	-0.391650917588
0.029915215675	-0.148727025577	0.273724992050
0.059110933768	0.372619255133	0.088255463793
0.756198769548	0.396035745895	-0.429203574540
-0.051714350507	-0.148561613285	0.297227628434
0.332080302305	0.039715463905	-0.036222043544
0.993662466539	0.281213668192	-0.513735113480
0.753010527287	0.373010938597	-0.420886548495
0.209107176067	0.049513583316	0.059870741644
1.259034106156	0.175388434395	-0.648513681279
0.983435140164	0.395132976913	-0.584037521729
0.160006224849	0.199136460257	0.024882747235
0.212242810744	0.359190128558	0.005463170486
0.053240744280	0.271675645425	0.116118434606
1.271250395010	0.017406926604	-0.443519748256
1.205244089803	-0.009109836387	-0.706191138812
0.339279164684	0.272940150832	-0.102655653738
0.183031147620	-0.195667842895	0.137070807373
1.166012495792	0.013223037870	-0.525943660390
1.063831742420	0.273928804845	-0.597551489665
0.169673459052	0.059070497828	0.050863832921
0.033369689252	-0.177982293842	0.258341158704
0.416313668828	0.242239391582	-0.179438185716
0.161793003112	-0.208778562451	0.123269626726
-0.037630741964	0.267706897281	0.176682058858
0.417320657769	0.269291035367	-0.146650412122
0.221168926531	0.211744582286	-0.016590090185
0.375964293832	-0.234652322351	0.027631874227
1.244668446377	0.203584073662	-0.618235992159
0.395823814644	-0.238902953627	0.032899506410
0.577555669168	0.212245131294	-0.250406509645
0.149072577984	-0.219551422344	0.151407432542
1.181227881936	0.203028724174	-0.624393681245
0.359347116225	-0.246198810467	0.028627704186
0.201122478403	-0.238885434816	0.103868244956
0.539676809893	0.217900184984	-0.259205886463
0.342162720017	-0.255919847321	0.034774302581
1.364161465426	0.256282539402	-0.672914142630
0.578827406641	0.223404677712	-0.252086817745
0.719323972749	-0.343426080368	-0.349798948676
0.164046891037	0.232832998390	0.027272546151
0.739026305536	-0.314450462541	-0.200239236851
1.139229071905	0.223928947064	-0.576954829314
1.055805029187	0.254191395401	-0.581988291556
0.562357857165	0.231039727925	-0.231235763953
0.323167476195	-0.270859181134	0.035542474945
1.130572251145	0.251573492735	-0.608021284149
0.551447742741	-0.302467940354	-0.092480736601
0.045546023413	0.256039881599	0.142678753353
0.052125043015	0.238419215115	0.127347841344
0.410311007103	-0.289211326585	0.014349851930
0.519964842276	0.109063642699	-0.219666339813
0.517182440664	-0.327082637070	-0.087054257822
-0.147438670360	0.307625452968	0.280724150097
-0.153619320680	0.320344974404	0.278596089194
-0.156031665691	0.203208993441	0.308980652363
-0.176872934485	0.178060527182	0.328448785315
-0.205169465863	0.186943297677	0.340691023874
-0.200750654521	0.362444232895	0.322353958724
-0.207157904508	0.328822292800	0.323365218197
-0.224524236439	0.223678658210	0.335628593547
-0.179058832895	-0.081776752577	0.428650907056
0.213756090730	-0.242020030775	0.147078771285
0.034287062632	-0.288619868084	0.305734326113
-0.202300380651	-0.071893140323	0.428468276630
-0.213764637117	-0.082764677932	0.432077366006
0.143370370168	-0.332910814663	0.183463209420
-0.239378546988	-0.097419231869	0.433626019812
0.211716170404	-0.339494551445	0.187219266013
-0.244033219085	-0.116028533201	0.441247517590
0.031961743877	-0.307619479173	0.327275397220
-0.000201081248	-0.302910291617	0.356530598475
0.318709190193	-0.382412406963	0.068443747786
-0.059986004070	-0.306721290581	0.346083744356
0.150054378255	-0.356743775994	0.191982514073
0.205884292236	-0.359859129041	0.201948905973
0.515484990000	-0.430538494911	-0.043267142427
0.324213625915	-0.406075559976	0.075992077691
-0.162667640384	-0.290630640017	0.477957444679
0.015787845276	-0.335965057562	0.331277928644
0.000237262409	-0.325682961155	0.370384347883
0.412169086598	-0.408558423718	0.099964557488
0.519841712692	-0.455418668778	-0.034661726607
-0.315446697469	0.367500568124	0.429107528101
-0.314222262771	0.401705623347	0.417436607230
-0.330165316972	0.263491460508	0.451216741863
0.315666363036	-0.435375102711	0.078641328470
-0.356107872785	0.238893839871	0.464935441402
-0.306548424638	-0.309804939340	0.561572164423
-0.293210504434	0.247109755924	0.366340877394
-0.246423917030	0.210351716586	0.288708309704
-0.351432903160	-0.051829073187	0.557096202242
-0.353265115893	-0.218441592932	0.631871236734
-0.360638868811	-0.025785040515	0.569611179161
-0.359358096670	-0.168879857389	0.593908310618
-0.293130311294	-0.325252206716	0.574566220547
-0.376278932471	0.025146445882	0.567296412989
-0.358806856354	-0.187809256859	0.614933893872
-0.244463129656	-0.347189661482	0.516451454248
-0.353275077199	-0.303808915668	0.665245923945
-0.395860344057	0.018265379781	0.575414039788
-0.298978083947	-0.338664577212	0.572334722503
-0.361573629867	-0.318309619749	0.663261795340
0.006076251563	-0.040031292348	0.255187840118
-0.266729263743	-0.358563154800	0.554422157165
0.524647224694	0.075609203881	-0.187415139982
0.369584530344	-0.214548033297	0.003831612956
-0.433322130794	0.033677964155	0.618301856121
0.033258505691	-0.432067843104	0.380445708770
0.145310436626	-0.484740414446	0.235198035849
0.210106346849	-0.479552816424	0.261758175626
0.322893584553	-0.529331086937	0.126009380361
0.413810306371	-0.521554475133	0.157859375344
0.518692576636	-0.572940165485	0.012538442202
0.144802140189	0.080185126265	0.010442972814
-0.319012689511	-0.309787945381	0.560346979312
-0.224198837014	-0.389418433912	0.541534653902
-0.057693161255	-0.435582120849	0.415905524679
-0.889526685781	0.271034750516	0.032186035543
0.166142239722	-0.499072744193	0.262869997137
0.206629272985	-0.498660710290	0.272822452567
0.340747207787	-0.542604817116	0.153855164320
-0.949615883147	0.052605086096	0.117012621167
-0.927953387273	0.032314177338	0.147797806160
-0.924450397887	0.289193406009	0.053118677139
0.413325117184	0.003221109838	-0.063560405029
-0.898650217664	-0.352161391315	0.311584022319
-0.029095736652	-0.137437642838	0.300372965468
-0.954654548605	-0.194291433064	0.210065630206
-0.923051549083	-0.327209990649	0.247365875573
-0.903897696806	-0.318154568026	0.283335298166
-0.928703954637	-0.240693005201	0.290023005138
0.028201783232	-0.335176832752	0.343221757047
-0.916253123218	-0.310508204910	0.324428844748
-0.912782794133	-0.362407273900	0.248424296186
-1.153575873198	0.051610797879	-0.074901511112
0.421039744181	0.130400255880	-0.075451563700
-0.949795054748	0.064327649003	0.251806214231
-1.769668305740	-0.188764732108	-0.438464549032
-0.947710410108	0.328224793602	0.295786277019
0.167341705835	-0.204418655992	0.142875601016
-1.228793993774	0.096327212336	0.087238932398
-1.016111584542	0.083213167276	0.325374925462
-0.310118227102	0.252108987557	0.454613011799
-1.766013234979	-0.147232621735	-0.464784204878
-1.375494113788	-0.091320025227	-0.177904915270
-1.105696288908	-0.177592124695	0.446799441250
-1.127856965063	-0.261938089432	0.490654751557
-0.344287872153	-0.014827376085	0.587491435989
-1.176352097972	0.058165838725	-0.054576001573
-1.125533517356	-0.267331531337	0.501280133539
-1.269241643482	0.286170362443	0.251279213885
0.226044129574	0.066211634521	0.090170989601
-1.276058934399	0.291610087669	0.275380146391
-1.676067355740	0.109424297540	-0.045115557462
-0.161191245845	-0.832788225476	-1.077851895433
-0.188928987650	-0.759530634512	-1.140806988689
0.198217921248	-0.144480784860	0.157740215229
-1.207364078852	0.133286717589	0.421711356848
0.315739682173	-0.042038340797	-0.019629571053
-1.631622139043	0.438911156502	-0.008749663583
-1.505758875966	-0.408427685637	0.388278054862
-1.685059860425	-0.091717991186	0.020955168520
-1.646622297171	0.071890234330	0.182059105641
0.324505582932	0.035798568457	-0.070779334115
-2.120008675549	-0.560613808924	-0.428057126019
-0.181864736711	-0.272350642553	0.477134295027
-0.248047757171	-0.216292077567	0.468661277047
-0.383520780470	0.002081304135	0.564985429818
-0.310258219848	-0.113921434644	0.632965912463
-1.463979568808	-0.131751270867	-0.249575144639
-1.819372987391	-0.544149640061	0.219140382976
-1.787476680093	-0.577798829785	0.284443132451
-1.630504753711	-0.502352518016	0.413643826255
-1.459822242396	-0.453863879834	0.559341859560
-1.693457594104	0.396369592648	0.098998314437
-1.645249966254	0.451570562168	0.135519783998
-1.581345403588	0.454631075744	0.183287633281
-1.875226790176	-0.156329231242	0.022146765961
-1.588897504390	0.440611749601	0.151501137104
-0.953529481127	0.073871738630	0.241358312910
-2.226832321857	-0.579654513622	-0.502998935538
-1.750774035155	-0.243330088366	0.277765277836
-0.244530868820	-0.255578264087	0.477053926993
-1.478464273310	0.190443864648	0.361686371598
-1.657320853213	0.163111650211	0.225514278371
-0.033916455143	-0.310942550551	0.390238155124
-1.222330431977	0.421829726731	0.534849998120
-1.624760914819	-0.300882424538	0.426548969413
-1.739228746391	-0.299482243774	0.341529223832
-1.749673416632	-0.391346264721	0.346030643595
-1.565881601526	0.173808823151	0.347851645737
-0.318643807515	-0.616779510506	-1.405342101733
-1.242457839260	-0.028847225661	0.699412924761
0.024746330751	-0.297403150138	0.379181236216
-1.787143229884	-0.286405394500	0.354881872061
0.204998387375	-0.232730311077	0.125122423578
-0.357793478360	-0.549735503569	-1.492720365508
-1.582274814749	-0.083011350611	0.362114375197
-1.517370810870	0.230271728124	0.426919210086
-1.045675610501	-0.475503439728	0.621322923946
-1.589107524153	0.189183412975	0.400824082209
-0.786851725024	-0.320761504671	1.155791923258
-0.901331507009	-0.278916975063	0.251802332266
-0.848763111840	-0.261531093507	0.324451827741
0.242178894970	-0.649377447283	0.433193694242
-1.167892522143	0.365218177939	0.220110021575
-1.328277326299	0.436039682664	0.468899944373
-1.430538269825	-0.378519163107	0.309822987288
-2.394452633247	-0.516211556616	-0.182985331107
