# boujou export: text
# Copyright (c) 2009, Vicon Motion Systems
# boujou Version: 5.0.2 51953 
# Creation date : Tue Jun 05 09:17:44 2018
# The image sequence file name was J:/ply/sf/1528160988611883511/1528160988611883511_###.jpg
# boujou frame 0 is image sequence file 1
# boujou frame 764 is image sequence file 765
# One boujou frame for every image sequence frame
# Exporting camera data for boujou frames 0 to 764
# First boujou frame indexed to animation frame 1

#The Camera (One line per time frame)
#Image Size 400 300
#Filmback Size 20.12 15.09
#Line Format: Camera Rotation Matrix (9 numbers - 1st row, 2nd row, 3rd row) Camera Translation (3 numbers) Focal Length (mm)
#rotation applied before translation
#R(0,0)	R(0,1)	R(0,2)	R(1,0)	R(1,1)	R(1,2)	R(2,0)	R(2,1)	R(2,2)	Tx	Ty	Tz	F(mm)
1.000000000000	-0.000000000000	0.000000000000	-0.000000000000	-1.000000000000	-0.000000000000	0.000000000000	0.000000000000	-1.000000000000	0.865691363013	0.197651216190	8.947640886993	60.227730
0.999998895302	0.000736528340	0.001291092804	0.000738903249	-0.999998034308	-0.001839946320	0.001289735093	0.001840898280	-0.999997473835	0.853920302673	0.181090232618	8.983916907929	60.227730
0.999997634778	-0.002036834727	0.000762720053	-0.002034822387	-0.999994471495	-0.002629919664	0.000768072548	0.002628361444	-0.999996250883	0.857160522215	0.170797954702	8.984607724465	60.227730
0.999999634279	0.000695359488	-0.000497913353	0.000694239322	-0.999997235923	-0.002246370146	-0.000499474012	0.002246023653	-0.999997352948	0.864052385424	0.177527818267	8.992121851910	60.227730
0.999999381183	0.000163771286	0.001100368918	0.000165878577	-0.999998152132	-0.001915258781	0.001100053220	0.001915440123	-0.999997560483	0.842941946450	0.180437455219	9.006606556064	60.227730
0.999994609437	-0.003143948856	-0.000946933241	-0.003147811653	-0.999986616813	-0.004105785693	-0.000934012187	0.004108744328	-0.999991122881	0.858157289959	0.156546635558	9.008195059975	60.227730
0.999989221326	-0.003586980735	-0.002948016626	-0.003593847915	-0.999990833605	-0.002327437096	-0.002939641131	0.002338006733	-0.999992946092	0.875128400086	0.174356916763	9.021063496310	60.227730
0.999990219485	-0.002834476168	-0.003395096373	-0.002840327582	-0.999994487209	-0.001719909858	-0.003390202613	0.001729536223	-0.999992757589	0.875035579557	0.181346816964	9.026314993820	60.227730
0.999993723594	-0.003006063418	-0.001875194976	-0.003009748733	-0.999993538931	-0.001965580860	-0.001869274200	0.001971212389	-0.999996310061	0.856212248591	0.181925065742	9.054083401540	60.227730
0.999992281385	-0.000362889645	-0.003912221983	-0.000363428885	-0.999999924558	-0.000137124839	-0.003912171927	0.000138545595	-0.999992337829	0.873662200001	0.205152360861	9.086269650043	60.227730
0.999998741956	-0.001584861556	-0.000065583888	-0.001584938124	-0.999998042599	-0.001184385543	-0.000063706672	0.001184487999	-0.999999296465	0.828994310849	0.193665021735	9.061230294775	60.227730
0.999999839854	0.000321451186	-0.000465790939	0.000320963132	-0.999999399870	-0.001047493211	-0.000466127378	0.001047343541	-0.999999342898	0.825213003477	0.197950265406	9.054961754545	60.227730
0.999995407333	-0.002330140008	-0.001937978311	-0.002332800287	-0.999996338395	-0.001371582712	-0.001934775235	0.001376097329	-0.999997181496	0.835580084564	0.194763390078	9.075908395804	60.227730
0.999999636006	0.000442504105	0.000729504657	0.000442393775	-0.999999890684	0.000151393453	0.000729571570	-0.000151070669	-0.999999722451	0.801258710283	0.215026175382	9.086602887165	60.227730
0.999997027654	-0.000267223881	0.002423483943	-0.000264108293	-0.999999138468	-0.001285811299	0.002423825454	0.001285167415	-0.999996236700	0.778884028201	0.201861247184	9.070154710961	60.227730
0.999997253531	-0.000857292603	0.002181279213	-0.000855191660	-0.999999169752	-0.000963920882	0.002182103764	0.000962052822	-0.999997156435	0.777390013914	0.202805083713	9.080039515828	60.227730
0.999999921134	-0.000133249607	0.000374133807	-0.000133746006	-0.999999110481	0.001327083334	0.000373956641	-0.001327133268	-0.999999049436	0.792448107273	0.225920237555	9.118671366024	60.227730
0.999991018272	0.001746700837	0.003861659149	0.001737954095	-0.999995919610	0.002267218334	0.003865603545	-0.002260486585	-0.999989973605	0.750887771539	0.236416766126	9.120812641507	60.227730
0.999998837156	-0.001229193904	0.000902646013	-0.001229344481	-0.999999230531	0.000166281833	0.000902440925	-0.000167391302	-0.999999578790	0.773396371494	0.212805059223	9.106068313451	60.227730
0.999995314790	-0.003030653212	-0.000430743227	-0.003029963733	-0.999994141754	0.001592412626	-0.000435566754	-0.001591100029	-0.999998639340	0.783743066237	0.226357612935	9.131123403292	60.227730
0.999987972808	-0.004580772112	-0.001752360302	-0.004579569390	-0.999989275843	0.000689741962	-0.001755501060	-0.000681708610	-0.999998226743	0.792656587470	0.215690269698	9.148962316784	60.227730
0.999997077961	-0.002204210820	0.000992735920	-0.002204248074	-0.999997569979	0.000036434198	0.000992653199	-0.000038622327	-0.999999506574	0.761343913392	0.208276722873	9.168706994470	60.227730
0.999979888642	-0.006044056041	0.001921379114	-0.006041601154	-0.999980928973	-0.001280915845	0.001929084399	0.001269281878	-0.999997333775	0.742100748781	0.189161023708	9.142872795710	60.227730
0.999993643266	-0.003563478956	-0.000122660932	-0.003563369363	-0.999993261879	0.000882380127	-0.000125804449	-0.000881937432	-0.999999603180	0.760010418495	0.214319453464	9.180284880451	60.227730
0.999994716681	-0.003182161910	0.000663667965	-0.003181709188	-0.999994705722	-0.000682095433	0.000665834990	0.000679980231	-0.999999547145	0.751670319854	0.196802076338	9.175252916951	60.227730
0.999993707662	-0.000197659461	0.003541972245	-0.000201589865	-0.999999364360	0.001109342740	0.003541750722	-0.001110049785	-0.999993111872	0.720757759628	0.215366232829	9.163657591759	60.227730
0.999990881057	-0.003232288636	0.002791077422	-0.003237784009	-0.999992824518	0.001966638780	0.002784700650	-0.001975657752	-0.999994171092	0.721641963965	0.222088271996	9.163966578248	60.227730
0.999994917184	-0.002432299360	0.002061438021	-0.002433257841	-0.999996932635	0.000462576605	0.002060306573	-0.000467590264	-0.999997768246	0.723179691176	0.207697870646	9.180203168978	60.227730
0.999983442443	-0.005636113440	-0.001161492206	-0.005635390231	-0.999983925753	0.000624989957	-0.001164996051	-0.000618434147	-0.999999130161	0.750813571810	0.212605281451	9.206528362207	60.227730
0.999983523631	-0.004349848010	-0.003745836095	-0.004346776060	-0.999990210055	0.000827848276	-0.003749400438	-0.000811552325	-0.999992641663	0.773207834986	0.219052178520	9.219145285854	60.227730
0.999986964593	-0.004870605890	-0.001532267270	-0.004870880487	-0.999988121786	-0.000175529179	-0.001531394136	0.000182990382	-0.999998810673	0.748859320685	0.206737988327	9.210346536424	60.227730
0.999992240800	-0.002955421390	-0.002604577676	-0.002952210753	-0.999994878768	0.001235673530	-0.002608216273	-0.001227974680	-0.999995844634	0.758509245235	0.224285364922	9.250024737143	60.227730
0.999998187523	-0.000789268782	0.001732629927	-0.000790438729	-0.999999460019	0.000674662252	0.001732096502	-0.000676030567	-0.999998271411	0.708815665616	0.222358506898	9.215911595953	60.227730
0.999995615950	-0.002728385954	0.001150648044	-0.002725379026	-0.999992888508	-0.002606768735	0.001157752132	0.002603621354	-0.999995940375	0.709588696839	0.186813455341	9.185880528716	60.227730
0.999998918193	0.001448796212	0.000254171007	0.001447972921	-0.999993799806	0.003209941303	0.000258819982	-0.003209569798	-0.999994815824	0.718322540450	0.243666169996	9.214237198351	60.227730
0.999998330535	0.001214198970	-0.001365521304	0.001216663375	-0.999997630208	0.001805355628	-0.001363326007	-0.001807013994	-0.999997438018	0.734031370713	0.229445244713	9.235412942795	60.227730
0.999999262164	-0.001017822084	-0.000663105969	-0.001017750901	-0.999999476294	0.000107675142	-0.000663215215	-0.000107000186	-0.999999774348	0.721381612434	0.210496283286	9.228708558372	60.227730
0.999996896080	0.000878861983	-0.002331401199	0.000882945564	-0.999998077016	0.001751105774	-0.002329857735	-0.001753158839	-0.999995749089	0.736780944943	0.230290468639	9.253416643013	60.227730
0.999997388344	0.000153010754	-0.002280327404	0.000155920197	-0.999999174056	0.001275764977	-0.002280130315	-0.001276117194	-0.999996586259	0.734003704679	0.223854101463	9.242659852361	60.227730
0.999997450963	0.002122013936	-0.000771443376	0.002123571921	-0.999995696130	0.002024392245	-0.000767144267	-0.002026025300	-0.999997653353	0.715611222557	0.234260785512	9.242700886005	60.227730
0.999998937373	0.000588584058	0.001333725078	0.000586845661	-0.999998978339	0.001303431383	0.001334490894	-0.001302647307	-0.999998261121	0.692235897601	0.227022548970	9.247600419917	60.227730
0.999996769710	-0.001982911295	-0.001590167428	-0.001983738244	-0.999997897900	-0.000518630325	-0.001589135687	0.000521783125	-0.999998601194	0.719024854684	0.207480319915	9.253955407522	60.227730
0.999996147372	-0.001576378110	0.002284791568	-0.001574209613	-0.999998309122	-0.000950588257	0.002286286192	0.000946987854	-0.999996938050	0.677574688161	0.204752868295	9.237587687414	60.227730
0.999995699556	-0.000968427228	0.002768215765	-0.000967679071	-0.999999494917	-0.000271593241	0.002768477386	0.000268913328	-0.999996131602	0.669169430474	0.212549408352	9.253012921775	60.227730
0.999989761474	-0.004107443646	-0.001898908835	-0.004109271992	-0.999991096157	-0.000959943357	-0.001894949014	0.000967736661	-0.999997736324	0.714616579813	0.202037155473	9.283878083534	60.227730
0.999996879230	-0.002174051304	0.001230865936	-0.002175612331	-0.999996829033	0.001268319807	0.001228104640	-0.001270993736	-0.999998438166	0.675910153987	0.225201485323	9.284060417141	60.227730
0.999993196855	-0.002247349612	0.002925006679	-0.002238487603	-0.999992905641	-0.003029495222	0.002931794263	0.003022927020	-0.999991133208	0.649239983598	0.185065793494	9.252745947293	60.227730
0.999990917875	-0.000697629455	0.004204459506	-0.000693727727	-0.999999327493	-0.000929384450	0.004205105044	0.000926459260	-0.999990729339	0.632416890268	0.206496037698	9.278488524570	60.227730
0.999999513072	-0.000127142595	0.000978617065	-0.000127670353	-0.999999846457	0.000539245831	0.000978548354	-0.000539370509	-0.999999375761	0.665917876257	0.220495211463	9.303926251316	60.227730
0.999991635143	-0.003575050743	-0.001987122550	-0.003578419426	-0.999992162110	-0.001694294167	-0.001981049788	0.001701390752	-0.999996590350	0.693170363197	0.194682743538	9.311222991591	60.227730
0.999998220873	-0.001776186904	-0.000635146855	-0.001776915992	-0.999997760966	-0.001149187884	-0.000633104261	0.001150314442	-0.999999137977	0.674869624132	0.201109327379	9.310874471277	60.227730
0.999978760470	-0.005664841537	-0.003223069799	-0.005676520013	-0.999977314854	-0.003625865139	-0.003202456732	0.003644083948	-0.999988232392	0.697345159190	0.172625420184	9.321092708839	60.227730
0.999979796224	-0.005824250509	-0.002546615418	-0.005834621906	-0.999974637370	-0.004084336457	-0.002522762630	0.004099112476	-0.999988416406	0.685586614330	0.167287107273	9.324013181212	60.227730
0.999997325434	-0.001867450849	-0.001364460197	-0.001867683061	-0.999998241609	-0.000168932062	-0.001364142325	0.000171479990	-0.999999054855	0.668822061448	0.209904939172	9.340732421856	60.227730
0.999989497205	-0.004418062798	-0.001219098095	-0.004419070508	-0.999989895420	-0.000825150650	-0.001215440209	0.000830529264	-0.999998916463	0.661014883853	0.201745513867	9.351505479566	60.227730
0.999994586850	-0.003281054035	0.000246890854	-0.003281348141	-0.999993895857	0.001200417665	0.000242950712	-0.001201221301	-0.999999249021	0.639740375899	0.225241828433	9.386627435430	60.227730
0.999988594196	-0.004471745419	-0.001677787608	-0.004472584027	-0.999989874733	-0.000496410867	-0.001675550797	0.000503909251	-0.999998469301	0.652581283744	0.207176327067	9.381930633725	60.227730
0.999970707977	-0.005945551262	-0.004820125289	-0.005949855900	-0.999981912940	-0.000879208073	-0.004814810730	0.000907861371	-0.999987996621	0.680072493985	0.202099115295	9.375630626557	60.227730
0.999994716392	-0.003236396354	0.000304838871	-0.003236489373	-0.999994715998	0.000305143665	0.000303849694	-0.000306128661	-0.999999906980	0.625832176984	0.215881175171	9.385726185697	60.227730
0.999989346875	-0.001527862948	-0.004355659760	-0.001532008246	-0.999998376623	-0.000948526097	-0.004354203471	0.000955188899	-0.999990064214	0.668553841907	0.201775429410	9.400993509416	60.227730
0.999990694785	-0.003792764913	-0.002055547853	-0.003798377043	-0.999989050796	-0.002733243595	-0.002045158796	0.002741025907	-0.999994152034	0.642284490574	0.181789764053	9.400649928027	60.227730
0.999988872147	-0.003940383599	-0.002594023910	-0.003948186036	-0.999987676891	-0.003009633268	-0.002582132834	0.003019841466	-0.999992106543	0.643648196256	0.178869683093	9.396398304449	60.227730
0.999998019574	-0.001520450375	-0.001284164801	-0.001520796416	-0.999998807533	-0.000268533843	-0.001283754977	0.000270486265	-0.999999139405	0.624295257962	0.207714570935	9.414275562393	60.227730
0.999992060400	-0.002450322424	-0.003142460370	-0.002456562998	-0.999995015366	-0.001983568018	-0.003137584324	0.001991271921	-0.999993095177	0.638878974814	0.190258415654	9.446465301746	60.227730
0.999994572900	-0.002114968380	-0.002526079798	-0.002114831412	-0.999997762123	0.000056891508	-0.002526194469	-0.000051548966	-0.999996807837	0.628549175962	0.209792832075	9.451808417255	60.227730
0.999994728848	-0.001648571289	-0.002797228711	-0.001646675639	-0.999998413126	0.000679856407	-0.002798345064	-0.000675246695	-0.999995856645	0.625562452836	0.213878146479	9.422225842307	60.227730
0.999997799709	0.000292203240	-0.002077304692	0.000289982394	-0.999999386231	-0.001069320794	-0.002077615876	0.001068716059	-0.999997270675	0.615811569476	0.196945578804	9.422732002218	60.227730
0.999993803910	-0.001963294303	-0.002921920225	-0.001968994843	-0.999996161519	-0.001949360671	-0.002918081841	0.001955101839	-0.999993831169	0.621234700507	0.185586405044	9.442765995586	60.227730
0.999971050038	-0.003683096023	-0.006658369947	-0.003685271048	-0.999993159935	-0.000314420774	-0.006657166361	0.000338949570	-0.999977783378	0.657021199113	0.200139277340	9.499119671534	60.227730
0.999994710197	-0.000822637694	-0.003146878704	-0.000826458274	-0.999998922825	-0.001212977931	-0.003145877473	0.001215572279	-0.999994312903	0.612511632559	0.190646630747	9.442946447734	60.227730
0.999999305158	-0.000177314144	-0.001165436988	-0.000177112502	-0.999999969330	0.000173119022	-0.001165467649	-0.000172912488	-0.999999305893	0.587976916575	0.203191367576	9.433351348602	60.227730
0.999999512663	0.000757186261	-0.000633516142	0.000758755187	-0.999996637009	0.002479972039	-0.000631636211	-0.002480451514	-0.999996724193	0.579037741928	0.226683239743	9.465363505870	60.227730
0.999997100488	-0.002174413836	-0.001034862771	-0.002175863715	-0.999996650032	-0.001401977576	-0.001031810825	0.001404225231	-0.999998481758	0.580701607964	0.183912289348	9.465974901141	60.227730
0.999989351172	-0.004074670022	-0.002166704237	-0.004077483937	-0.999990847368	-0.001295879849	-0.002161404123	0.001304700751	-0.999996813039	0.590792588064	0.183953341392	9.472195882860	60.227730
0.999997453564	-0.000844556568	0.002092747082	-0.000845055397	-0.999999614740	0.000237487974	0.002092545704	-0.000239255856	-0.999997782002	0.540053123553	0.201653887682	9.474297052305	60.227730
0.999994163131	-0.003337214389	0.000732600477	-0.003335343421	-0.999991210865	-0.002540408935	0.000741071927	0.002537950633	-0.999996504803	0.552960104268	0.170339144716	9.456910705463	60.227730
0.999998815561	0.001369856083	0.000701691437	0.001369649606	-0.999999018620	0.000294651961	0.000702094380	-0.000293690540	-0.999999710405	0.548800664026	0.201102393263	9.459577450819	60.227730
0.999988585366	0.002288251775	0.004194406096	0.002291694088	-0.999997041080	-0.000816069018	0.004192526313	0.000825671999	-0.999990870453	0.508060971168	0.190063674018	9.451300874778	60.227730
0.999990959764	0.002805068143	0.003195619443	0.002801991625	-0.999995607061	0.000966800199	0.003198317345	-0.000957837360	-0.999994426641	0.514282022599	0.208447738678	9.457783228566	60.227730
0.999998854984	-0.001279765931	0.000807607186	-0.001278601706	-0.999998145143	-0.001440447559	0.000809449123	0.001439413302	-0.999998636440	0.539065757951	0.183997691684	9.462513005970	60.227730
0.999999197891	-0.001264820853	-0.000066668694	-0.001264892315	-0.999998613582	-0.001082996231	-0.000065298805	0.001083079691	-0.999999411337	0.545078284702	0.189926864591	9.481293083194	60.227730
0.999993259056	-0.003666948185	-0.000187970556	-0.003667378690	-0.999990529085	-0.002343517413	-0.000179375219	0.002344190974	-0.999997236293	0.537129757973	0.173355889874	9.472132885717	60.227730
0.999998945158	-0.001030430986	-0.001023667613	-0.001030266849	-0.999999456338	0.000160856724	-0.001023832808	-0.000159801903	-0.999999463115	0.540852337967	0.205302517317	9.510130460521	60.227730
0.999997442655	0.000015966825	0.002261510328	0.000015203723	-0.999999942949	0.000337446907	0.002261515587	-0.000337411661	-0.999997385847	0.496582032695	0.213896025027	9.490185371286	60.227730
0.999995162725	0.001746524200	0.002573748350	0.001743798536	-0.999997916838	0.001060888982	0.002575595857	-0.001056395751	-0.999996125159	0.486314936955	0.224810825809	9.503746524655	60.227730
0.999987363123	0.003812403744	0.003277067669	0.003808982958	-0.999992195107	0.001049464016	0.003281043072	-0.001036968459	-0.999994079709	0.477184918500	0.224232820876	9.509479201534	60.227730
0.999992960724	-0.001599944157	-0.003393918292	-0.001592127937	-0.999996077287	0.002304460706	-0.003397591987	-0.002299040932	-0.999991585354	0.550108421294	0.236577610040	9.580949024618	60.227730
0.999996288532	0.000424714116	0.002691196840	0.000427866657	-0.999999222892	-0.001170959400	0.002690697426	0.001172106528	-0.999995693148	0.481908381659	0.202353734268	9.521897684655	60.227730
0.999993576663	-0.001399287198	-0.003299792187	-0.001391412629	-0.999996181965	0.002387472855	-0.003303120349	-0.002382866147	-0.999991705638	0.545032902189	0.237539657716	9.579963869344	60.227730
0.999993571132	-0.003229808499	-0.001557572278	-0.003232156342	-0.999993640707	-0.001507219530	-0.001552694342	0.001512244157	-0.999997651126	0.521773361027	0.193111258929	9.535703583255	60.227730
0.999991875661	-0.003154211976	0.002509892247	-0.003150987404	-0.999994206583	-0.001287664033	0.002513939271	0.001279744933	-0.999996021173	0.475460877558	0.194241099596	9.526677611146	60.227730
0.999975385327	-0.005044495508	-0.004876659209	-0.005043898418	-0.999987270387	0.000134729399	-0.004877276773	-0.000110128709	-0.999988099951	0.552602209713	0.211001327879	9.610202207997	60.227730
0.999986899608	-0.005072326449	0.000687106907	-0.005070778680	-0.999984643846	-0.002235906176	0.000698437602	0.002232392718	-0.999997264300	0.491858033058	0.184620175768	9.541721855269	60.227730
0.999991582483	-0.001374989250	0.003865794627	-0.001376826875	-0.999998940435	0.000472733976	0.003865140527	-0.000478052527	-0.999992416048	0.453159696855	0.213972134012	9.544173497883	60.227730
0.999991276390	-0.003916364413	0.001452320176	-0.003913869792	-0.999990867477	-0.001716562429	0.001459029596	0.001710863262	-0.999997472087	0.475403590572	0.188874598300	9.542988613303	60.227730
0.999989467894	-0.004562628899	0.000496505852	-0.004561460088	-0.999986881352	-0.002330280121	0.000507131542	0.002327990787	-0.999997161634	0.483806406868	0.182429937118	9.553539130203	60.227730
0.999976025658	-0.005791591701	-0.003795467664	-0.005788768138	-0.999982960306	0.000754493951	-0.003799772711	-0.000732504780	-0.999992512554	0.527702932317	0.214441901695	9.622201054449	60.227730
0.999995155945	-0.001432210352	0.002763486878	-0.001427024650	-0.999997219168	-0.001877566892	0.002766168264	0.001873614233	-0.999994418926	0.448815503310	0.187881008575	9.543918072223	60.227730
0.999972702961	-0.006667352664	-0.003184296175	-0.006672401074	-0.999976495121	-0.001577424939	-0.003173704081	0.001598628782	-0.999993685974	0.512645154167	0.188567318727	9.618741643315	60.227730
0.999962677296	-0.006781859759	-0.005352606280	-0.006785830500	-0.999976713878	-0.000724020894	-0.005347571430	0.000760315750	-0.999985412593	0.536489121346	0.195838013888	9.638505291446	60.227730
0.999992177584	-0.003483631402	0.001873254560	-0.003479288839	-0.999991264208	-0.002316475001	0.001881307941	0.002309939286	-0.999995562421	0.456748361934	0.178126103725	9.595469134479	60.227730
0.999985858810	-0.005099680551	0.001508455921	-0.005093243215	-0.999978036182	-0.004240993728	0.001530050503	0.004233250822	-0.999989869215	0.458794315226	0.154784162708	9.566434825349	60.227730
0.999993392890	-0.003608511827	0.000439110664	-0.003608951173	-0.999992983811	0.001003892606	0.000435485025	-0.001005470702	-0.999999399691	0.468271936899	0.209041166169	9.596057538911	60.227730
0.999984580635	-0.004839929396	0.002722788312	-0.004833329552	-0.999985378294	-0.002425308977	0.002734486824	0.002412111447	-0.999993352128	0.442102472145	0.171556001871	9.594451608056	60.227730
0.999973943957	-0.007203034725	0.000477176751	-0.007201440132	-0.999968745042	-0.003263157820	0.000500666476	0.003259636435	-0.999994562037	0.463932666858	0.161266742269	9.601019424315	60.227730
0.999988465919	-0.003968715902	0.002705055166	-0.003964658308	-0.999991010116	-0.001503719483	0.002710998684	0.001492977520	-0.999995210741	0.438537869220	0.180029772500	9.583233460657	60.227730
0.999988578516	-0.003254180581	0.003500449419	-0.003249086090	-0.999993655775	-0.001460085344	0.003505178593	0.001448695406	-0.999992807476	0.428711827306	0.179860651688	9.571764424352	60.227730
0.999984277763	-0.005534076890	0.000904555035	-0.005531974102	-0.999982028416	-0.002310867392	0.000917327296	0.002305827085	-0.999996920831	0.454350759859	0.170445554422	9.593224839303	60.227730
0.999986106701	-0.004803204381	0.002171550617	-0.004797266237	-0.999984762438	-0.002731506768	0.002184637513	0.002721051311	-0.999993911601	0.439220719069	0.166492662069	9.595339246321	60.227730
0.999946747185	-0.010015903127	-0.002486861379	-0.010028741247	-0.999936165574	-0.005204721443	-0.002434572646	0.005229384366	-0.999983363059	0.486344836160	0.137204538241	9.602628965329	60.227730
0.999989164383	-0.002970126811	0.003584614780	-0.002961717636	-0.999992855329	-0.002348940254	0.003591565820	0.002338298185	-0.999990816466	0.414789749385	0.169653042377	9.571759147497	60.227730
0.999951244161	-0.009873906447	0.000123577689	-0.009872885743	-0.999929824132	-0.006547742965	0.000188220819	0.006546203656	-0.999978555665	0.452464811483	0.119350885389	9.583428183081	60.227730
0.999976461683	-0.006653034950	0.001677261652	-0.006645781242	-0.999968697797	-0.004293834946	0.001705776184	0.004282587162	-0.999989374831	0.433668848625	0.144148389527	9.599597989528	60.227730
0.999964414202	-0.008361713311	0.001118963834	-0.008357508949	-0.999958190397	-0.003710727948	0.001149945094	0.003701244149	-0.999992489181	0.434816458198	0.149504059804	9.606440627293	60.227730
0.999974469260	-0.007145588189	-0.000037387081	-0.007145661394	-0.999971068774	-0.002607899102	-0.000018751026	0.002608099676	-0.999996598726	0.442874228192	0.161035666484	9.596927888518	60.227730
0.999958833931	-0.009029726709	0.000891335025	-0.009025138263	-0.999946650722	-0.005024200393	0.000936654629	0.005015949144	-0.999986981381	0.434531709477	0.134689504417	9.600388148827	60.227730
0.999955451017	-0.009372177305	-0.001121728517	-0.009376221872	-0.999949357285	-0.003656409384	-0.001087403192	0.003666764071	-0.999992686171	0.454298179149	0.149481158766	9.611516193566	60.227730
0.999979831205	-0.006265291273	-0.001040820830	-0.006265778000	-0.999980261689	-0.000465036935	-0.001037886694	0.000471549108	-0.999999350216	0.448242382844	0.183219159894	9.621638816671	60.227730
0.999969078588	-0.007784832035	-0.001112770536	-0.007788607559	-0.999963786293	-0.003429824227	-0.001086029633	0.003438385105	-0.999993499003	0.446379690255	0.151394165781	9.614301706023	60.227730
0.999953369757	-0.009201361327	-0.002931426453	-0.009215572980	-0.999945667011	-0.004871985180	-0.002886438284	0.004898772772	-0.999983835119	0.464226649910	0.136949489021	9.612032317384	60.227730
0.999979558920	-0.006337513323	-0.000847151934	-0.006340814165	-0.999972086631	-0.003952218945	-0.000822081047	0.003957509791	-0.999991831116	0.441295432634	0.146635948909	9.607356304230	60.227730
0.999975577605	-0.006923816402	-0.000951293816	-0.006926996241	-0.999970292225	-0.003381033895	-0.000927855898	0.003387540931	-0.999993831806	0.439699954996	0.148990279083	9.627390349601	60.227730
0.999974502966	-0.006935351094	-0.001701271155	-0.006939626802	-0.999972744340	-0.002520348485	-0.001683745284	0.002532090410	-0.999995376749	0.443326512820	0.158653081455	9.635284489235	60.227730
0.999993178698	-0.001916113339	0.003157699689	-0.001912528007	-0.999997523532	-0.001138053997	0.003159872510	0.001132007045	-0.999994366867	0.386445491543	0.178121690368	9.617966843029	60.227730
0.999977239039	-0.006105156246	-0.002872015151	-0.006113565986	-0.999977023665	-0.002928558188	-0.002854069858	0.002946049785	-0.999991587503	0.447448337717	0.154574865012	9.648797213838	60.227730
0.999980951784	-0.006133042389	0.000694161048	-0.006130612618	-0.999975256538	-0.003449913145	0.000715302336	0.003445591797	-0.999993808101	0.408344596923	0.148910623392	9.642934395398	60.227730
0.999973455728	-0.007226261535	-0.000932192627	-0.007231375624	-0.999958146879	-0.005604613823	-0.000891653207	0.005611206088	-0.999983859530	0.420936228011	0.124345157849	9.634618281961	60.227730
0.999983725697	-0.005112924353	0.002531076171	-0.005103373501	-0.999979887638	-0.003765620503	0.002550278598	0.003752642193	-0.999989706825	0.380656882461	0.144890311061	9.641883725475	60.227730
0.999986184145	-0.005166116782	0.000970956342	-0.005162303160	-0.999979109053	-0.003889998004	0.000991032242	0.003884931890	-0.999991962547	0.392806019080	0.143705342399	9.650554477315	60.227730
0.999990853635	-0.003897772940	0.001760685406	-0.003892420087	-0.999987823476	-0.003033474196	0.001772487761	0.003026593124	-0.999993848992	0.380686329651	0.151417066585	9.640328255183	60.227730
0.999989477176	-0.002978581466	0.003489067306	-0.002973202422	-0.999994385178	-0.001545858956	0.003493652183	0.001535468986	-0.999992718338	0.361933891213	0.165221315147	9.657093811744	60.227730
0.999994166253	-0.002138186306	0.002663760223	-0.002136663339	-0.999997552335	-0.000574450445	0.002664981985	0.000568755535	-0.999996287187	0.362337351945	0.175706934092	9.667091767676	60.227730
0.999993630228	-0.002515531841	0.002532114396	-0.002514215304	-0.999996702599	-0.000522984670	0.002533421631	0.000516615058	-0.999996657436	0.357765008344	0.176489945504	9.674295286389	60.227730
0.999993912329	-0.003463840513	-0.000420848558	-0.003464030162	-0.999993898643	-0.000450745159	-0.000419284681	0.000452200247	-0.999999809858	0.384799542360	0.177057257912	9.685636325729	60.227730
0.999994653977	-0.001795082659	0.002733074489	-0.001792906454	-0.999998073948	-0.000798490013	0.002734502580	0.000793585598	-0.999995946351	0.348186217714	0.173115413881	9.663701585992	60.227730
0.999995686734	-0.002837486401	0.000758409189	-0.002836060516	-0.999994221285	-0.001874608778	0.000763723984	0.001872449798	-0.999997955327	0.366643088686	0.160543444539	9.694972930237	60.227730
0.999973796706	-0.006353797804	-0.003469172089	-0.006365970865	-0.999973579512	-0.003509229798	-0.003446783495	0.003531222493	-0.999987825002	0.407451786079	0.141156297440	9.705697950284	60.227730
0.999982960537	-0.005827073189	-0.000351928712	-0.005828443037	-0.999974911555	-0.004025606983	-0.000328462376	0.004027589585	-0.999991835284	0.371125132520	0.135672458912	9.689901490644	60.227730
0.999964242881	-0.007581982351	-0.003745197302	-0.007593609747	-0.999966362318	-0.003100213338	-0.003721565559	0.003128542050	-0.999988181017	0.403373952256	0.144785579389	9.701709410260	60.227730
0.999982828642	-0.005843514268	0.000442450406	-0.005841400399	-0.999972187648	-0.004637021873	0.000469534604	0.004634357719	-0.999989151074	0.355444756449	0.130150634180	9.697958779200	60.227730
0.999981717996	-0.005770483628	0.001806984123	-0.005760081535	-0.999967109018	-0.005709846219	0.001839873264	0.005699333456	-0.999982066071	0.336400815325	0.114863443382	9.680318499037	60.227730
0.999985872687	-0.005069312729	0.001598904586	-0.005059437615	-0.999968467807	-0.006120905393	0.001629882953	0.006112729364	-0.999979988810	0.334886543539	0.111567202392	9.692993840218	60.227730
0.999987059198	-0.005066006981	-0.000465842079	-0.005068558048	-0.999971200901	-0.005648635942	-0.000437212634	0.005650923992	-0.999983937823	0.353247354662	0.116852234527	9.699482123812	60.227730
0.999992505873	-0.003408176624	0.001836444752	-0.003398479952	-0.999980403622	-0.005257633087	0.001854327707	0.005251352565	-0.999984492262	0.324176719398	0.121880255538	9.694589712570	60.227730
0.999985367723	-0.005370143687	0.000652607192	-0.005365785653	-0.999964442166	-0.006505593539	0.000687519958	0.006501996597	-0.999978625450	0.333654567383	0.108716314886	9.714641857016	60.227730
0.999986497021	-0.005185863966	-0.000335545144	-0.005187966413	-0.999964750125	-0.006601780893	-0.000301297378	0.006603432546	-0.999978151711	0.339040890714	0.107545097328	9.708194785226	60.227730
0.999982147147	-0.005871451576	0.001109704117	-0.005863816909	-0.999959942640	-0.006762304787	0.001149364210	0.006755676959	-0.999976519620	0.320871138455	0.105545864026	9.700553327796	60.227730
0.999987970157	-0.004820386977	-0.000907420168	-0.004826233220	-0.999966871053	-0.006554713541	-0.000875793851	0.006559014110	-0.999978105920	0.334791418317	0.107681634983	9.735081120844	60.227730
0.999972048400	-0.007396980778	0.001089538309	-0.007387223419	-0.999934844151	-0.008702665234	0.001153840767	0.008694373318	-0.999961537522	0.308451540284	0.085338731292	9.712542479252	60.227730
0.999976449345	-0.006623313704	0.001797907463	-0.006611485610	-0.999956973275	-0.006506908387	0.001840927400	0.006494868306	-0.999977213576	0.299956748463	0.107827698514	9.706450421441	60.227730
0.999985653722	-0.005346759485	0.000323285280	-0.005344494879	-0.999963664727	-0.006641204783	0.000358782458	0.006639381710	-0.999977894699	0.311680745028	0.106271270089	9.708064026337	60.227730
0.999981260577	-0.005268383259	0.003118113778	-0.005242907189	-0.999953264194	-0.008122890638	0.003160762551	0.008106390439	-0.999962147291	0.277692145034	0.091823185886	9.698033029460	60.227730
0.999986595313	-0.003383499313	0.003919327267	-0.003357304043	-0.999972112601	-0.006671021599	0.003941789364	0.006657773803	-0.999970067724	0.264651616002	0.107491067585	9.695018928855	60.227730
0.999981397317	-0.005500866435	0.002635429380	-0.005478429427	-0.999949320483	-0.008446494951	0.002681758858	0.008431899810	-0.999960854851	0.276571458630	0.088885436809	9.711447411518	60.227730
0.999996376783	-0.001922269451	0.001884489826	-0.001910433599	-0.999978565590	-0.006262475850	0.001896487600	0.006258852967	-0.999978614818	0.280626487816	0.112907646351	9.705399890798	60.227730
0.999982870054	-0.005475142009	-0.002069400686	-0.005487504333	-0.999966846007	-0.006016160077	-0.002036392746	0.006027412865	-0.999979761495	0.320905944714	0.110512011292	9.758148099861	60.227730
0.999986103029	-0.005271601156	0.000063011942	-0.005270932524	-0.999954422038	-0.007960597824	0.000104974167	0.007960155064	-0.999968311954	0.295545921005	0.087937701926	9.743152517942	60.227730
0.999995450091	-0.000686922715	0.002937334530	-0.000665743438	-0.999973820010	-0.007205281394	0.002942207102	0.007203293100	-0.999969727535	0.259558042329	0.095477174023	9.702873239332	60.227730
0.999993072091	-0.003718284359	-0.000173582636	-0.003719391357	-0.999969382650	-0.006884757892	-0.000147977834	0.006885355816	-0.999976284708	0.289026366178	0.097486850349	9.745385454374	60.227730
0.999997182329	-0.000992428294	0.002156483177	-0.000982253602	-0.999988405985	-0.004714135413	0.002161136616	0.004712003917	-0.999986563164	0.260560246906	0.119249662907	9.776905308562	60.227730
0.999998082572	-0.001815660458	0.000733640706	-0.001811574779	-0.999983058262	-0.005531851875	0.000743672242	0.005530512223	-0.999984430072	0.266787098053	0.107932675295	9.770201490423	60.227730
0.999992937170	-0.001162542108	0.003574088044	-0.001136763557	-0.999973388770	-0.007206214081	0.003582370460	0.007202100292	-0.999967647663	0.232330734925	0.090120460218	9.777727303524	60.227730
0.999996507495	-0.002456495996	0.000975000393	-0.002450887414	-0.999980680103	-0.005712492651	0.000989014271	0.005710083084	-0.999983208260	0.253596173788	0.105662342882	9.790378032283	60.227730
0.999995156761	-0.002768800499	0.001421336562	-0.002760072140	-0.999977545377	-0.006106614664	0.001438212644	0.006102662096	-0.999980344337	0.243518613538	0.102076050682	9.779642721239	60.227730
0.999998455818	-0.001342583486	0.001133944971	-0.001334846952	-0.999976015378	-0.006796091017	0.001143042093	0.006794566880	-0.999976263376	0.245167585793	0.094847690697	9.791056897193	60.227730
0.999999281661	-0.000110438371	0.001193516049	-0.000105447401	-0.999991254061	-0.004180990709	0.001193967353	0.004180861853	-0.999990547373	0.242652669235	0.122937038251	9.799515610309	60.227730
0.999998159102	-0.001440945123	0.001267071593	-0.001431823478	-0.999973265300	-0.007170674027	0.001277370266	0.007168846604	-0.999973487630	0.239649184100	0.091470784388	9.783868063376	60.227730
0.999992569685	-0.003292041275	-0.002005751709	-0.003304020978	-0.999976547885	-0.005998927073	-0.001985955954	0.006005509544	-0.999979994717	0.271271972686	0.104585454830	9.801606154624	60.227730
0.999999706941	0.000595753396	0.000480828627	0.000598162779	-0.999987188642	-0.005026405521	0.000477827969	0.005026691662	-0.999987251944	0.241743731816	0.119405320875	9.809482182513	60.227730
0.999999758410	0.000598815824	0.000352987232	0.000600658783	-0.999986068370	-0.005244261195	0.000349841968	0.005244471952	-0.999986186467	0.243066189575	0.117203216775	9.810232913438	60.227730
0.999999316802	0.000784778906	0.000866324171	0.000789085887	-0.999987276127	-0.004982462029	0.000862403017	0.004983142229	-0.999987212196	0.236200512379	0.118118211165	9.819936422555	60.227730
0.999998100636	-0.001573174419	-0.001150585095	-0.001581461692	-0.999972557898	-0.007237570775	-0.001139167559	0.007239376634	-0.999973146501	0.253894281546	0.094319933275	9.820937408154	60.227730
0.999998784095	0.000408498890	0.001504970506	0.000419065844	-0.999975217195	-0.007027757727	0.001502062377	0.007028379864	-0.999974172509	0.220537699787	0.100652594089	9.803444615530	60.227730
0.999989959849	0.002671676721	0.003597547011	0.002689506933	-0.999984079717	-0.004960530803	0.003584236802	0.004970156626	-0.999981225219	0.193661290978	0.122039132795	9.789532327980	60.227730
0.999992748818	0.003042550051	0.002290240170	0.003054512228	-0.999981617219	-0.005237860260	0.002274261617	0.005244817846	-0.999983659676	0.205485100365	0.116396527704	9.797268312245	60.227730
0.999991685080	0.003083069772	0.002669166855	0.003098560303	-0.999978269100	-0.005818956303	0.002651168604	0.005827178493	-0.999979507438	0.199144196598	0.107692876327	9.775522136735	60.227730
0.999991796125	0.002801043238	0.002926062279	0.002818628402	-0.999977888537	-0.006023103103	0.002909126608	0.006031301173	-0.999977579943	0.194218688765	0.108014539017	9.789640718264	60.227730
0.999987168834	0.002538266496	0.004383990262	0.002585242796	-0.999938948199	-0.010743202281	0.004356453501	0.010754398112	-0.999932679851	0.176290561800	0.057412466374	9.779905852549	60.227730
0.999994892947	0.003118978999	-0.000697172907	0.003114419734	-0.999974363001	-0.006447769460	-0.000717265491	0.006445565242	-0.999978969888	0.225130040234	0.098269181143	9.802039017827	60.227730
0.999994192672	0.003340261153	0.000676223140	0.003344777924	-0.999971338409	-0.006792261921	0.000653515829	0.006794484292	-0.999976703679	0.205448246868	0.094309906038	9.819923610100	60.227730
0.999993939558	0.000138990154	-0.003478725340	0.000108329434	-0.999961164032	-0.008812416969	-0.003479815079	0.008811986713	-0.999955118881	0.245409154567	0.072135694711	9.833896830821	60.227730
0.999988789611	0.004672838313	0.000765005744	0.004676190887	-0.999979205562	-0.004440909978	0.000744238182	0.004444437507	-0.999989846491	0.195535658928	0.117840784051	9.826830106411	60.227730
0.999991795588	0.003976803058	-0.000770580419	0.003973346209	-0.999982263492	-0.004436802947	-0.000788211043	0.004433704763	-0.999989860441	0.208303545505	0.116541696496	9.816464997872	60.227730
0.999993611992	0.003490956632	0.000767591913	0.003495903036	-0.999972503052	-0.006540015394	0.000744739896	0.006542657044	-0.999978319266	0.186494131230	0.093613853227	9.797995499828	60.227730
0.999992712472	0.003813369723	0.000182246675	0.003814466884	-0.999971884824	-0.006455958795	0.000157622593	0.006456606921	-0.999979143474	0.188191691375	0.095356768835	9.828180539881	60.227730
0.999993698769	0.003530146758	0.000374814665	0.003533289165	-0.999955534394	-0.008743288983	0.000343932905	0.008744558218	-0.999961706473	0.181517843988	0.068751044775	9.812612661135	60.227730
0.999993560096	0.003579147880	0.000263565532	0.003580479589	-0.999979868619	-0.005238561216	0.000244810641	0.005239471171	-0.999986243910	0.181945793299	0.105312822524	9.823552227538	60.227730
0.999996839715	0.002424601433	-0.000664731719	0.002420917142	-0.999982008111	-0.005488407262	-0.000678026960	0.005486780657	-0.999984717642	0.188383608074	0.102364807002	9.811504767448	60.227730
0.999994140424	0.002641661767	-0.002177324027	0.002627078590	-0.999974280312	-0.006673617685	-0.002194897468	0.006667858579	-0.999975360740	0.198329640356	0.088633213441	9.833115382645	60.227730
0.999984554724	-0.000013910697	-0.005557888111	-0.000060955419	-0.999964174329	-0.008464416319	-0.005557571250	0.008464624367	-0.999948730454	0.231724296865	0.068493393048	9.852692112333	60.227730
0.999988175480	-0.002162013882	-0.004355984001	-0.002205229886	-0.999948157277	-0.009940810815	-0.004334266003	0.009950299216	-0.999941101107	0.217666709034	0.049767760193	9.839360787250	60.227730
0.999988347066	0.003982991565	-0.002727913281	0.003974866902	-0.999987667932	-0.002977317250	-0.002739738270	0.002966439464	-0.999991847002	0.195305785105	0.123736678024	9.852103678169	60.227730
0.999993691794	0.001194024462	-0.003345246975	0.001174140770	-0.999981671486	-0.005939535785	-0.003352277612	0.005935570526	-0.999976765349	0.199795919624	0.088636505201	9.879346264881	60.227730
0.999983996872	-0.000841095064	-0.005594511478	-0.000875362472	-0.999980855460	-0.006125557431	-0.005589252198	0.006130356629	-0.999965588902	0.221083876732	0.083994091704	9.868078690683	60.227730
0.999984314300	-0.000431975363	-0.005584313039	-0.000466900523	-0.999980332267	-0.006254365078	-0.005581501476	0.006256874293	-0.999964848565	0.218117974999	0.082042471859	9.854295789306	60.227730
0.999975402147	-0.000773015100	-0.006971194132	-0.000832429605	-0.999963323666	-0.008523988685	-0.006964349282	0.008529582042	-0.999939370197	0.228873295716	0.054482234012	9.847649520572	60.227730
0.999991670309	-0.001071862642	-0.003938327413	-0.001105103860	-0.999963704520	-0.008447981313	-0.003929129394	0.008452263205	-0.999956559651	0.196524154771	0.052721410283	9.854003549942	60.227730
0.999993997466	0.002121838380	-0.002739130273	0.002107465091	-0.999984052170	-0.005239656057	-0.002750204294	0.005233851984	-0.999982521432	0.180651620115	0.087687255795	9.868667958679	60.227730
0.999971253292	-0.001264170489	-0.007476260000	-0.001303591220	-0.999985262358	-0.005270267250	-0.007469487301	0.005279861734	-0.999958164035	0.228376296115	0.082060410835	9.872072490445	60.227730
0.999963663295	-0.001761236998	-0.008340871330	-0.001791855255	-0.999991679136	-0.003664821176	-0.008334347308	0.003679633643	-0.999958498614	0.234985679949	0.097970167505	9.887258230171	60.227730
