# boujou export: text
# Copyright (c) 2009, Vicon Motion Systems
# boujou Version: 5.0.2 51953 
# Creation date : Tue Jun 05 10:09:26 2018
# The image sequence file name was J:/ply/sf/1528163451290193541/1528163451290193541_###.jpg
# boujou frame 0 is image sequence file 1
# boujou frame 286 is image sequence file 287
# One boujou frame for every image sequence frame
# Exporting camera1 data for boujou frames 0 to 286
# First boujou frame indexed to animation frame 1

#The Camera (One line per time frame)
#Image Size 534 300
#Filmback Size 20.12 11.3034
#Line Format: Camera Rotation Matrix (9 numbers - 1st row, 2nd row, 3rd row) Camera Translation (3 numbers) Focal Length (mm)
#rotation applied before translation
#R(0,0)	R(0,1)	R(0,2)	R(1,0)	R(1,1)	R(1,2)	R(2,0)	R(2,1)	R(2,2)	Tx	Ty	Tz	F(mm)
1.000000000000	-0.000000000000	0.000000000000	-0.000000000000	-1.000000000000	-0.000000000000	0.000000000000	0.000000000000	-1.000000000000	-0.251369821969	-0.052214001501	3.355221879268	16.831614
0.999999998618	0.000052482613	-0.000003025828	0.000052482752	-0.999999997558	0.000046148658	-0.000003023406	-0.000046148817	-0.999999998931	-0.251272283983	-0.052047493239	3.355315051311	16.831614
0.999999977621	-0.000161815574	0.000136282627	-0.000161804049	-0.999999983334	-0.000084569736	0.000136296309	0.000084547683	-0.999999987138	-0.251405681184	-0.051934886700	3.355648188840	16.831614
0.999999966635	-0.000217342445	0.000139613438	-0.000217339483	-0.999999976156	-0.000021232686	0.000139618050	0.000021202342	-0.999999990029	-0.251241786003	-0.051513820317	3.356110018310	16.831614
0.999999937750	-0.000235529868	0.000262728600	-0.000235477576	-0.999999952465	-0.000199046641	0.000262775469	0.000198984762	-0.999999945677	-0.250758261355	-0.051938943872	3.355153906070	16.831614
0.999999912165	-0.000077173015	0.000411964469	-0.000077158615	-0.999999996412	-0.000034971421	0.000411967167	0.000034939631	-0.999999914531	-0.251098209243	-0.052208891270	3.355335498427	16.831614
0.999999941840	-0.000187413559	0.000284950381	-0.000187408897	-0.999999982305	-0.000016388005	0.000284953447	0.000016334602	-0.999999959267	-0.250993543025	-0.052880962268	3.356219548476	16.831614
0.999999597384	-0.000884824596	-0.000149391609	-0.000884734265	-0.999999426429	0.000603644973	-0.000149925644	-0.000603512558	-0.999999806647	-0.251329963502	-0.052842549542	3.354731574842	16.831614
0.999998989909	-0.001061234978	-0.000945495634	-0.001060113216	-0.999998734616	0.001186139669	-0.000946753211	-0.001185136139	-0.999998849555	-0.251307669681	-0.053054045753	3.355881207749	16.831614
0.999998057918	-0.000951263921	-0.001726052709	-0.000948559590	-0.999998322505	0.001566914890	-0.001727540363	-0.001565274583	-0.999997282756	-0.250862808757	-0.053041085313	3.354777264689	16.831614
0.999997550515	-0.001028093609	-0.001960099079	-0.001024755706	-0.999998024542	0.001703170128	-0.001961846225	-0.001701157333	-0.999996628606	-0.251448991330	-0.053019754712	3.355097910534	16.831614
0.999996965516	-0.000845500801	-0.002313890003	-0.000840758399	-0.999997545838	0.002049742305	-0.002315617383	-0.002047790662	-0.999995222223	-0.251766134185	-0.052635224685	3.355292965984	16.831614
0.999996109421	-0.000827499079	-0.002663904582	-0.000821597357	-0.999997207660	0.002215772944	-0.002665730694	-0.002213575666	-0.999993996963	-0.251606799952	-0.052962447712	3.354065288390	16.831614
0.999995311523	-0.000585755106	-0.003005631869	-0.000578805796	-0.999997158786	0.002312445314	-0.003006977856	-0.002310694795	-0.999992809361	-0.251751278389	-0.053152103038	3.353707003508	16.831614
0.999994387530	-0.000649609788	-0.003286778982	-0.000641489720	-0.999996741379	0.002470975871	-0.003288373442	-0.002468853568	-0.999991545645	-0.252509822570	-0.053235936607	3.353852314130	16.831614
0.999991508548	-0.000775458600	-0.004047406127	-0.000764109174	-0.999995774280	0.002804916841	-0.004049564121	-0.002801800364	-0.999987875399	-0.252494764750	-0.052953162690	3.354149158654	16.831614
0.999989180659	-0.001018046705	-0.004538958596	-0.001005453232	-0.999995641578	0.002775948218	-0.004541764858	-0.002771354474	-0.999985845883	-0.252817638137	-0.053478478308	3.353313990047	16.831614
0.999987498326	-0.000869671821	-0.004924110303	-0.000855178045	-0.999995298486	0.002944771105	-0.004926648136	-0.002940523299	-0.999983540595	-0.253440592140	-0.053576851769	3.352846569758	16.831614
0.999984683218	-0.000619623340	-0.005499945129	-0.000601747898	-0.999994533873	0.003251172769	-0.005501929568	-0.003247813391	-0.999979590031	-0.253654346646	-0.053267713048	3.352371475847	16.831614
0.999984040820	-0.000513913728	-0.005626188570	-0.000495223725	-0.999994356680	0.003322854438	-0.005627864480	-0.003320015186	-0.999978652092	-0.253378303068	-0.053049128179	3.351424925836	16.831614
0.999983912561	-0.000468387319	-0.005652895970	-0.000449790187	-0.999994484593	0.003290664515	-0.005654406097	-0.003288068960	-0.999978607918	-0.253163852484	-0.053226160833	3.350943212462	16.831614
0.999983967251	-0.000449350038	-0.005644760883	-0.000430343986	-0.999994236385	0.003367788691	-0.005646241665	-0.003365305507	-0.999978397104	-0.252823038088	-0.053331863103	3.350139423783	16.831614
0.999983497243	-0.000502962931	-0.005722959930	-0.000483735125	-0.999994235985	0.003360654311	-0.005724617227	-0.003357830454	-0.999977976624	-0.252042578073	-0.053553046340	3.348842313328	16.831614
0.999984262328	-0.000479924403	-0.005589702121	-0.000460831479	-0.999994057498	0.003416519266	-0.005591308575	-0.003413889587	-0.999978541083	-0.252173997255	-0.053500733321	3.347791876352	16.831614
0.999984845082	-0.000393797103	-0.005491314066	-0.000374809290	-0.999993949507	0.003458390887	-0.005492642745	-0.003456280280	-0.999978942279	-0.252330098111	-0.053518932304	3.347135314488	16.831614
0.999983145446	-0.000378106578	-0.005793605078	-0.000357824501	-0.999993806038	0.003501406390	-0.005794893097	-0.003499274281	-0.999977086884	-0.252782253466	-0.053431045294	3.347237497206	16.831614
0.999981335379	-0.000381319277	-0.006097826637	-0.000359829701	-0.999993722972	0.003524845878	-0.006099132452	-0.003522585909	-0.999975195678	-0.253658375865	-0.053415329924	3.346090016790	16.831614
0.999976906115	-0.000426550604	-0.006782719984	-0.000402984435	-0.999993879478	0.003475429518	-0.006784160916	-0.003472615927	-0.999970957628	-0.253847305681	-0.053544468306	3.344381097068	16.831614
0.999973057717	-0.000549656124	-0.007319953475	-0.000524587830	-0.999993993196	0.003426131795	-0.007321792700	-0.003422199529	-0.999967339418	-0.254486960139	-0.053801313574	3.342399001323	16.831614
0.999965988243	-0.000571179451	-0.008227764613	-0.000537702491	-0.999991571255	0.004070417059	-0.008230020202	-0.004065854528	-0.999957866910	-0.254665901095	-0.053059528858	3.339802475413	16.831614
0.999958693839	-0.000453486048	-0.009077718115	-0.000416442151	-0.999991580975	0.004082224160	-0.009079492921	-0.004078275194	-0.999950464013	-0.254399204623	-0.053271811586	3.339092772698	16.831614
0.999952412724	-0.000275222854	-0.009751745481	-0.000233188666	-0.999990679106	0.004311302002	-0.009752841155	-0.004308822843	-0.999943156452	-0.254640727923	-0.053325533475	3.335502670582	16.831614
0.999946511759	-0.000375129099	-0.010336000141	-0.000326257775	-0.999988762425	0.004729543176	-0.010337658178	-0.004725918001	-0.999935397174	-0.254385605961	-0.053501482415	3.332396309481	16.831614
0.999940456794	-0.000817017178	-0.010881881665	-0.000760618608	-0.999986263720	0.005185926293	-0.010885969179	-0.005177340545	-0.999927342770	-0.254327868067	-0.053810028389	3.329688549239	16.831614
0.999935785845	-0.000753007626	-0.011307394268	-0.000687876203	-0.999983158003	0.005762858386	-0.011311543305	-0.005754710241	-0.999919462906	-0.253924659123	-0.053688911555	3.327674253046	16.831614
0.999935086618	-0.001114792496	-0.011339302800	-0.001045629110	-0.999980826546	0.006103539929	-0.011345889566	-0.006091287023	-0.999917080068	-0.254683447767	-0.054213996518	3.326450650737	16.831614
0.999926084761	-0.001527079139	-0.012062049777	-0.001447316081	-0.999977048835	0.006618691650	-0.012071880205	-0.006600744830	-0.999905345458	-0.254572395448	-0.054501559438	3.324938739998	16.831614
0.999919901749	-0.001658512604	-0.012547486686	-0.001569181266	-0.999973378835	0.007125958941	-0.012558971150	-0.007105698883	-0.999895885224	-0.255260986282	-0.054355990169	3.322885172654	16.831614
0.999914523788	-0.001824166558	-0.012946719076	-0.001727112110	-0.999970355518	0.007503676996	-0.012960023234	-0.007480675175	-0.999888032380	-0.255705368579	-0.054524577591	3.321520221624	16.831614
0.999910080954	-0.001818575262	-0.013286187926	-0.001711364618	-0.999965922140	0.008076248527	-0.013300422427	-0.008052784806	-0.999879118404	-0.255633857508	-0.054428050898	3.320833793335	16.831614
0.999905324113	-0.002272265634	-0.013571279176	-0.002155159028	-0.999960374494	0.008637403041	-0.013590367881	-0.008607337023	-0.999870599453	-0.256113814769	-0.054765582630	3.319239715293	16.831614
0.999903211314	-0.002363721139	-0.013710609970	-0.002238226066	-0.999955529754	0.009161269480	-0.013731654942	-0.009129695328	-0.999864035915	-0.256501696319	-0.054477003161	3.317594336425	16.831614
0.999896931053	-0.002583361172	-0.014122801307	-0.002447054944	-0.999950344257	0.009660276478	-0.014147056012	-0.009624721532	-0.999853602055	-0.256659755963	-0.054015730614	3.317748589047	16.831614
0.999893042448	-0.002629672208	-0.014387094466	-0.002484910263	-0.999946202963	0.010070570991	-0.014412802783	-0.010033743228	-0.999845785665	-0.257369123620	-0.053907386833	3.316498708550	16.831614
0.999887384423	-0.002786866425	-0.014746248594	-0.002638819023	-0.999946019468	0.010049616086	-0.014773459521	-0.010009571661	-0.999840764006	-0.258188086697	-0.054064590270	3.316849437893	16.831614
0.999883319997	-0.002644555270	-0.015045023059	-0.002492777637	-0.999945906233	0.010098052708	-0.015070914076	-0.010059370570	-0.999835824830	-0.259076926600	-0.053786019187	3.315754559766	16.831614
0.999875463769	-0.002538268869	-0.015576076014	-0.002379329231	-0.999945003468	0.010214148616	-0.015601145640	-0.010175815971	-0.999826513463	-0.259694753226	-0.053261511870	3.314183454646	16.831614
0.999874467620	-0.002468854892	-0.015650998586	-0.002314414350	-0.999948530804	0.009878219927	-0.015674580933	-0.009840756995	-0.999828718839	-0.261078999123	-0.053117933512	3.313134003552	16.831614
0.999865137559	-0.002326995636	-0.016257053435	-0.002169584806	-0.999950662743	0.009693553563	-0.016278808214	-0.009656975211	-0.999820855570	-0.261242021415	-0.052867991743	3.311696192120	16.831614
0.999865835584	-0.002067878082	-0.016249144951	-0.001918384827	-0.999955744324	0.009210276512	-0.016267471563	-0.009177868708	-0.999825552832	-0.261714811772	-0.052862847711	3.309706899043	16.831614
0.999861796765	-0.001880065322	-0.016518254275	-0.001731054510	-0.999957724514	0.009030649752	-0.016534534169	-0.009000807689	-0.999822781617	-0.262058497465	-0.053274764840	3.306719571864	16.831614
0.999860117022	-0.001651570016	-0.016643878940	-0.001501990669	-0.999958411232	0.008995545032	-0.016658043514	-0.008969287758	-0.999821014714	-0.262452587107	-0.053501162819	3.304481715579	16.831614
0.999859136592	-0.001462325618	-0.016720304350	-0.001311487366	-0.999958380682	0.009028671276	-0.016732811320	-0.009005470999	-0.999819440958	-0.262874038790	-0.053529632757	3.302427360653	16.831614
0.999856505991	-0.001462178687	-0.016876891340	-0.001311242483	-0.999959079563	0.008950968770	-0.016889288646	-0.008927554663	-0.999817508697	-0.263261943379	-0.053885883566	3.300547241212	16.831614
0.999854255474	-0.001292223073	-0.017023453511	-0.001139470622	-0.999959032417	0.008979704541	-0.017034359882	-0.008958998073	-0.999814766313	-0.263571100975	-0.054207415481	3.297694509778	16.831614
0.999850695204	-0.001300699652	-0.017230655277	-0.001141326131	-0.999956510751	0.009256024061	-0.017241945236	-0.009234976296	-0.999808696970	-0.263737405315	-0.054114285794	3.294838444154	16.831614
0.999853914123	-0.001147644250	-0.017053836073	-0.000988860995	-0.999956114104	0.009316223475	-0.017063779360	-0.009297998633	-0.999811169499	-0.264583959989	-0.054193282719	3.293614647497	16.831614
0.999852185718	-0.001005008373	-0.017163818709	-0.000841550191	-0.999954253605	0.009527984593	-0.017172609230	-0.009512132006	-0.999807291850	-0.264728411553	-0.053839464908	3.290676935947	16.831614
0.999850043747	-0.001063748810	-0.017284630700	-0.000897303413	-0.999953183764	0.009634579704	-0.017294070272	-0.009617625380	-0.999804189037	-0.264764195268	-0.053763360212	3.288080312610	16.831614
0.999850311720	-0.001029572355	-0.017271193794	-0.000864566801	-0.999953942273	0.009558548898	-0.017280239540	-0.009542185994	-0.999805151021	-0.265441183656	-0.054047767523	3.285867427450	16.831614
0.999850821363	-0.000890855536	-0.017249388296	-0.000723078518	-0.999952397650	0.009730343860	-0.017257235516	-0.009716419638	-0.999803870272	-0.265702289056	-0.053238567114	3.283034828759	16.831614
0.999851082329	-0.000986602207	-0.017229038892	-0.000816097988	-0.999950655269	0.009900556139	-0.017237956640	-0.009885021187	-0.999802550110	-0.266674141014	-0.053247190475	3.279936226262	16.831614
0.999841732825	-0.000943181292	-0.017765689112	-0.000766727850	-0.999950338274	0.009936453844	-0.017774178714	-0.009921259781	-0.999792802122	-0.266864730018	-0.053273430532	3.277109358318	16.831614
0.999834464581	-0.000965613774	-0.018168957763	-0.000786412995	-0.999951005008	0.009867580181	-0.018177595847	-0.009851658443	-0.999786237070	-0.267889763037	-0.053199338763	3.275433862066	16.831614
0.999828297930	-0.000871126566	-0.018509883785	-0.000687271380	-0.999950392084	0.009936852066	-0.018517621804	-0.009922424575	-0.999779297232	-0.269184157373	-0.052556698755	3.272996096633	16.831614
0.999812981557	-0.000960238017	-0.019315275137	-0.000769299209	-0.999950793060	0.009890381021	-0.019323821812	-0.009873672112	-0.999764522530	-0.269251623326	-0.052590459785	3.269615663437	16.831614
0.999802147210	-0.001126930670	-0.019859417467	-0.000931816389	-0.999951237539	0.009831290002	-0.019869528255	-0.009810839523	-0.999754444489	-0.270119916960	-0.052514452356	3.266508069262	16.831614
0.999788887927	-0.001156178158	-0.020514454189	-0.000954051848	-0.999950934622	0.009859925653	-0.020524847470	-0.009838272251	-0.999740935961	-0.270780144707	-0.052080614049	3.263398405813	16.831614
0.999781469837	-0.001069665453	-0.020877461195	-0.000863815180	-0.999950952220	0.009866457211	-0.020886991010	-0.009846266825	-0.999733356769	-0.271599067140	-0.051889771344	3.258989036536	16.831614
0.999764411443	-0.001315251582	-0.021665450031	-0.001103451090	-0.999951516794	0.009785011814	-0.021677269373	-0.009758799813	-0.999717390975	-0.272127113043	-0.052075294014	3.256010636641	16.831614
0.999750994802	-0.001451241266	-0.022267516512	-0.001233847783	-0.999951477540	0.009773442843	-0.022280619661	-0.009743534479	-0.999704275035	-0.273069992086	-0.052409246311	3.251790746303	16.831614
0.999734970174	-0.001536889973	-0.022970141046	-0.001315712875	-0.999952659764	0.009640909210	-0.022983870650	-0.009608131971	-0.999689664591	-0.273588185214	-0.053077235043	3.248298202217	16.831614
0.999716914326	-0.001517787137	-0.023744210515	-0.001273305390	-0.999946058286	0.010308210897	-0.023758575381	-0.010275059159	-0.999664920488	-0.274443050833	-0.052449460528	3.244111790526	16.831614
0.999698487476	-0.001436415899	-0.024512667072	-0.001174010458	-0.999941893614	0.010715927166	-0.024526635258	-0.010683918052	-0.999642084977	-0.275092355110	-0.052348009784	3.241235270552	16.831614
0.999678073024	-0.001589236703	-0.025322413812	-0.001313408877	-0.999939670183	0.010905546818	-0.025338217610	-0.010868777345	-0.999619849947	-0.275903839646	-0.052556855562	3.238275460174	16.831614
0.999654652494	-0.001726288492	-0.026222045592	-0.001429000871	-0.999934544847	0.011351827121	-0.026239925753	-0.011310435470	-0.999591686813	-0.276906015505	-0.052792511650	3.233838075539	16.831614
0.999629153524	-0.001834667441	-0.027169641514	-0.001512800232	-0.999928494946	0.011862395663	-0.027189462299	-0.011816894296	-0.999560450473	-0.277563010082	-0.053064885067	3.230501374057	16.831614
0.999606303094	-0.001820213491	-0.027998672077	-0.001479341517	-0.999924599079	0.012190476014	-0.028018750220	-0.012144257063	-0.999533624575	-0.278187600690	-0.053061865529	3.228165065294	16.831614
0.999581581521	-0.001858140611	-0.028865363286	-0.001493239439	-0.999918770535	0.012657905336	-0.028886538736	-0.012609506136	-0.999503160693	-0.279282447018	-0.052825455748	3.225737565135	16.831614
0.999550758805	-0.001806588916	-0.029916831539	-0.001418447855	-0.999914618399	0.012990146911	-0.029937745048	-0.012941875736	-0.999467978113	-0.279679275708	-0.052695102700	3.222874879835	16.831614
0.999519456112	-0.001845963677	-0.030942677205	-0.001433462878	-0.999909883792	0.013348014039	-0.030964528717	-0.013297244553	-0.999432029329	-0.280350143674	-0.052749942011	3.220462871777	16.831614
0.999483607666	-0.002007323651	-0.032070058593	-0.001581046025	-0.999910142653	0.013311908731	-0.032093898171	-0.013254330325	-0.999396970392	-0.280917407237	-0.053253621744	3.218579102608	16.831614
0.999452767335	-0.002159157309	-0.033007634072	-0.001701113407	-0.999901961403	0.013898697630	-0.033034407524	-0.013834942079	-0.999358455359	-0.281691469371	-0.052751769609	3.215939080377	16.831614
0.999407530576	-0.002499793082	-0.034326940779	-0.002008928538	-0.999895348883	0.014326740320	-0.034359162313	-0.014249291793	-0.999307963367	-0.281931301788	-0.052584290953	3.213372447799	16.831614
0.999370222037	-0.002575716669	-0.035391029785	-0.002066159507	-0.999893791326	0.014426955745	-0.035424430701	-0.014344746454	-0.999269402093	-0.282522124226	-0.052573885929	3.212012807645	16.831614
0.999334175913	-0.002690576938	-0.036386338747	-0.002164848769	-0.999892812985	0.014480192327	-0.036421398676	-0.014391780145	-0.999232884959	-0.283381573765	-0.052264375376	3.211222686252	16.831614
0.999294746828	-0.002912526017	-0.037436962417	-0.002374793916	-0.999893492787	0.014400119334	-0.037474915833	-0.014301058534	-0.999195231378	-0.283564870623	-0.051926584625	3.207854439007	16.831614
0.999261526376	-0.002908634956	-0.038313727932	-0.002353698082	-0.999891791962	0.014521173242	-0.038351818871	-0.014420270791	-0.999160244295	-0.283995070247	-0.051565221815	3.204845373063	16.831614
0.999230537749	-0.003008235290	-0.039106047492	-0.002444192821	-0.999892414743	0.014463224411	-0.039145349040	-0.014356512786	-0.999130387982	-0.284610461306	-0.051625095906	3.204366156160	16.831614
0.999205137652	-0.003216387676	-0.039733458693	-0.002646775314	-0.999893097491	0.014380131075	-0.039775463163	-0.014263535313	-0.999106833172	-0.285109966378	-0.052063571353	3.200492146236	16.831614
0.999178447796	-0.003502350538	-0.040375277086	-0.002909555833	-0.999887251691	0.014731544048	-0.040422319873	-0.014601967192	-0.999075982401	-0.285443473194	-0.052226118205	3.198460541593	16.831614
0.999153204085	-0.003839704201	-0.040965002613	-0.003231455762	-0.999883708969	0.014903899926	-0.041017465318	-0.014758902770	-0.999049419362	-0.285798816376	-0.052513783681	3.197036754754	16.831614
0.999134732036	-0.004001205172	-0.041397796990	-0.003372191382	-0.999877978678	0.015253067867	-0.041453776230	-0.015100268582	-0.999026309126	-0.286655932472	-0.052401339445	3.195723076328	16.831614
0.999116120983	-0.004284807484	-0.041816470644	-0.003639015528	-0.999873130986	0.015507401418	-0.041877611660	-0.015341523966	-0.999004956586	-0.287008668607	-0.052554077416	3.192950994110	16.831614
0.999092685042	-0.004534867666	-0.042346684295	-0.003866516746	-0.999866882287	0.015851427528	-0.042412931328	-0.015673311127	-0.998977222250	-0.287304875573	-0.052515002804	3.191805494371	16.831614
0.999077680552	-0.004748361114	-0.042676003677	-0.004072727692	-0.999865217343	0.015904717448	-0.042745773034	-0.015716240476	-0.998962360989	-0.287906086403	-0.052027722852	3.191646460233	16.831614
0.999062906298	-0.005068312868	-0.042983967517	-0.004384532065	-0.999862583303	0.015987194521	-0.043059088906	-0.015783748438	-0.998947840554	-0.288802559308	-0.051355112215	3.190022602044	16.831614
0.999035331825	-0.005319169322	-0.043590276472	-0.004627550905	-0.999862051461	0.015951922141	-0.043669114231	-0.015734817606	-0.998922131088	-0.289401109165	-0.051615983566	3.188245984716	16.831614
0.999019532635	-0.005500961418	-0.043928496872	-0.004802266036	-0.999860539248	0.015995008456	-0.044010358495	-0.015768369543	-0.998906625700	-0.290601515599	-0.051659566554	3.186540719723	16.831614
0.998987477589	-0.005782463777	-0.044615947070	-0.005071204730	-0.999858513703	0.016038561618	-0.044702376927	-0.015796065614	-0.998875458607	-0.291328960708	-0.051909941151	3.184960359173	16.831614
0.998971113387	-0.005866691460	-0.044969951637	-0.005131290647	-0.999851503104	0.016451188328	-0.045059787785	-0.016203508028	-0.998852872976	-0.292461019060	-0.051510377452	3.182000337835	16.831614
0.998952843478	-0.006123089098	-0.045340095803	-0.005383427355	-0.999850725994	0.016417808616	-0.045433855410	-0.016156531488	-0.998836688990	-0.293684370671	-0.051801247535	3.180875250678	16.831614
0.998924330038	-0.006102216326	-0.045966790340	-0.005357747329	-0.999852764829	0.016301632070	-0.046059498497	-0.016037818446	-0.998809947376	-0.294447620113	-0.052146349245	3.179146205809	16.831614
0.998917310949	-0.005808312002	-0.046157008106	-0.005046749576	-0.999849493267	0.016598829256	-0.046246472345	-0.016347915024	-0.998796280264	-0.296047455750	-0.051505796345	3.176990502662	16.831614
0.998904277436	-0.005604979099	-0.046463197586	-0.004837058879	-0.999850120089	0.016623483981	-0.046549407967	-0.016380524032	-0.998781673365	-0.297109948667	-0.051648627476	3.174372387982	16.831614
0.998879748440	-0.005467155964	-0.047003812215	-0.004688113474	-0.999850083058	0.016668323274	-0.047087893870	-0.016429291354	-0.998755630090	-0.297767455316	-0.051686617355	3.172366162101	16.831614
0.998863792064	-0.005237055878	-0.047367690975	-0.004447403985	-0.999849637770	0.016760741274	-0.047448345602	-0.016531034329	-0.998736891981	-0.298875467993	-0.051844448953	3.169790126125	16.831614
0.998860361452	-0.004947180621	-0.047471083024	-0.004155648504	-0.999850935302	0.016758214744	-0.047546912677	-0.016541843301	-0.998732025378	-0.299936129296	-0.051711374305	3.168856916506	16.831614
0.998847966353	-0.004695285194	-0.047756616403	-0.003900647669	-0.999852620413	0.016718923431	-0.047828078166	-0.016513380934	-0.998719071205	-0.300741664379	-0.051707776187	3.166739226166	16.831614
0.998832634303	-0.004575069862	-0.048087809134	-0.003776068228	-0.999853528411	0.016693203190	-0.048157138207	-0.016492133269	-0.998703609476	-0.301164791027	-0.051297887028	3.163727056318	16.831614
0.998843233125	-0.004304964852	-0.047892201014	-0.003530204346	-0.999861727813	0.016250012662	-0.047955534588	-0.016062145929	-0.998720318293	-0.303028369104	-0.050934680443	3.162587146307	16.831614
0.998826556504	-0.004238967624	-0.048244597377	-0.003476439265	-0.999867886427	0.015878415001	-0.048305531698	-0.015692063165	-0.998709334472	-0.303817389033	-0.050833330710	3.160025772855	16.831614
0.998807659120	-0.004206975806	-0.048637037720	-0.003447708108	-0.999871050300	0.015684262208	-0.048696749300	-0.015497874912	-0.998693367596	-0.304880748220	-0.050834802420	3.156100954368	16.831614
0.998806091066	-0.004089619566	-0.048679230285	-0.003334046024	-0.999872869910	0.015592567320	-0.048736809358	-0.015411652420	-0.998692747737	-0.306533708761	-0.050979868781	3.152406137576	16.831614
0.998795612483	-0.003935115892	-0.048906434617	-0.003179216187	-0.999874437592	0.015524227358	-0.048961383441	-0.015350046044	-0.998682711885	-0.308183603224	-0.051333505473	3.149602378634	16.831614
0.998783205865	-0.003900284677	-0.049161931026	-0.003138982731	-0.999874112841	0.015553303749	-0.049216404482	-0.015380060127	-0.998669714811	-0.309216707809	-0.052025281639	3.145845325199	16.831614
0.998774977658	-0.003973106244	-0.049323001029	-0.003188721513	-0.999867362277	0.015971534301	-0.049379915541	-0.015794691501	-0.998655171549	-0.310364964702	-0.052390336232	3.141690147522	16.831614
0.998761143829	-0.003671237637	-0.049625594124	-0.002847054572	-0.999857017131	0.016668520471	-0.049679692614	-0.016506583797	-0.998628790309	-0.310891800458	-0.053117544132	3.138100833222	16.831614
0.998785779212	-0.003437690820	-0.049144170812	-0.002593005165	-0.999847994626	0.017241344683	-0.049195971046	-0.017092978795	-0.998642872357	-0.312605703394	-0.052948668744	3.136099299018	16.831614
0.998793163956	-0.003125169769	-0.049014782955	-0.002256292551	-0.999839516826	0.017772161863	-0.049062457930	-0.017640122088	-0.998639925756	-0.313285147275	-0.052643922922	3.132941709447	16.831614
0.998807684230	-0.002994240159	-0.048726219312	-0.002110430886	-0.999832509754	0.018179618258	-0.048772492288	-0.018055109095	-0.998646712823	-0.314191803742	-0.052654921172	3.129870164770	16.831614
0.998827892843	-0.002976102818	-0.048311316384	-0.002085097116	-0.999827001824	0.018482932496	-0.048357965722	-0.018360534732	-0.998661302903	-0.315210542807	-0.052292716244	3.127845176245	16.831614
0.998850071744	-0.003024017566	-0.047847565199	-0.002129530231	-0.999822226653	0.018734465351	-0.047895712529	-0.018611029223	-0.998678942560	-0.316207689267	-0.052112805112	3.124975609086	16.831614
0.998867650975	-0.003142315616	-0.047471482888	-0.002243677087	-0.999817507212	0.018971509829	-0.047522434156	-0.018843516780	-0.998692415175	-0.316919367313	-0.051949833157	3.122165675776	16.831614
0.998893749510	-0.003159837052	-0.046917934943	-0.002262593229	-0.999813784114	0.019164492370	-0.046969754751	-0.019037135439	-0.998714889051	-0.317981663110	-0.052148048878	3.119167720900	16.831614
0.998920786638	-0.003157203916	-0.046338904664	-0.002253701695	-0.999806594255	0.019537013915	-0.046391624790	-0.019411495240	-0.998734705015	-0.319262170632	-0.052268193030	3.116132421678	16.831614
0.998944377809	-0.003349120308	-0.045813900032	-0.002439179759	-0.999798936823	0.019903173850	-0.045871346667	-0.019770415280	-0.998751695986	-0.320086102236	-0.052444042827	3.113831603363	16.831614
0.998973579802	-0.003472190268	-0.045163378447	-0.002552048585	-0.999788327858	0.020415350289	-0.045224704599	-0.020279136425	-0.998770986122	-0.321416137789	-0.052420262599	3.111039478998	16.831614
0.998999096726	-0.003619162280	-0.044583701106	-0.002685850418	-0.999776370365	0.020976068904	-0.044649646667	-0.020835328735	-0.998785411452	-0.322089905115	-0.052105336304	3.107698766713	16.831614
0.999039361546	-0.003569992037	-0.043676186168	-0.002655435315	-0.999776377333	0.020979608913	-0.043741316219	-0.020843475807	-0.998825433583	-0.323637774142	-0.052273894658	3.105824676521	16.831614
0.999073164132	-0.003558691614	-0.042896951232	-0.002653816939	-0.999773158052	0.021132668908	-0.042962425056	-0.020999241737	-0.998855976545	-0.325007546576	-0.052163147124	3.103398982707	16.831614
0.999102035032	-0.003750770994	-0.042202551002	-0.002854176157	-0.999769368859	0.021285271172	-0.042272653957	-0.021145704229	-0.998882316352	-0.326001760409	-0.051950818727	3.101172918962	16.831614
0.999138395790	-0.003744410683	-0.041333345456	-0.002860913226	-0.999766612946	0.021413426014	-0.041403879449	-0.021276725001	-0.998915922258	-0.327100444478	-0.051829613393	3.098892937346	16.831614
0.999170048089	-0.003803052622	-0.040555539596	-0.002936570578	-0.999766605526	0.021403528427	-0.040627472902	-0.021266670324	-0.998948015254	-0.327672486960	-0.051434654503	3.096809015993	16.831614
0.999224864190	-0.003744250396	-0.039187387940	-0.002916663150	-0.999771961605	0.021154618043	-0.039257659897	-0.021023923931	-0.999007923273	-0.329109105535	-0.051170978813	3.094090544167	16.831614
0.999259734630	-0.003764075563	-0.038285956724	-0.002960681516	-0.999774689805	0.021019133928	-0.038356448116	-0.020890221667	-0.999045735453	-0.329591967893	-0.051017828864	3.090927475968	16.831614
0.999304975585	-0.003760687847	-0.037086695702	-0.002993543561	-0.999780856023	0.020719040223	-0.037156486219	-0.020593619345	-0.999097241701	-0.330337342765	-0.050890540748	3.088336476150	16.831614
0.999357302949	-0.003785127515	-0.035646231962	-0.003043783829	-0.999778427777	0.020828603686	-0.035717172668	-0.020706717780	-0.999147394239	-0.331448083212	-0.050418809562	3.085316247014	16.831614
0.999407005560	-0.003893934253	-0.034212198320	-0.003188020888	-0.999781398897	0.020663759147	-0.034285182815	-0.020542436450	-0.999200948030	-0.332280048754	-0.050897378408	3.082422861647	16.831614
0.999471468100	-0.003789716823	-0.032286568422	-0.003112461632	-0.999774612592	0.021000871406	-0.032358878792	-0.020889281070	-0.999257995164	-0.333027620193	-0.051067676784	3.078626195144	16.831614
0.999551992853	-0.003691912571	-0.029701571754	-0.003051221469	-0.999762308257	0.021587427726	-0.029774210831	-0.021487130331	-0.999325672441	-0.333900135954	-0.051035057041	3.076642817190	16.831614
0.999628965235	-0.003442987845	-0.027019950003	-0.002843071764	-0.999749289370	0.022209802968	-0.027089643896	-0.022124742702	-0.999388136288	-0.334480012922	-0.051628737803	3.073825158922	16.831614
0.999704609009	-0.003107308468	-0.024104758025	-0.002547702572	-0.999727327103	0.023211649146	-0.024170311064	-0.023143380880	-0.999439933155	-0.335096094166	-0.052164192254	3.071767451615	16.831614
0.999780351609	-0.002493403671	-0.020809408319	-0.001979266937	-0.999693169867	0.024691063634	-0.020864588154	-0.024644452908	-0.999478523982	-0.336359882465	-0.051937458793	3.070104237573	16.831614
0.999830863097	-0.002037204438	-0.018278265703	-0.001562487398	-0.999662060904	0.025948460894	-0.018324951082	-0.025915512492	-0.999496164265	-0.337147001251	-0.052358000165	3.068650816578	16.831614
0.999869763236	-0.001556158867	-0.016063465896	-0.001118703402	-0.999629219728	0.027206094344	-0.016099846884	-0.027184580856	-0.999500772133	-0.337524469306	-0.052529129308	3.067274517813	16.831614
0.999898994491	-0.001374648635	-0.014146065057	-0.000973136102	-0.999597550892	0.028351177337	-0.014179344893	-0.028334547665	-0.999497923753	-0.337528697389	-0.052654530592	3.065271280685	16.831614
0.999923796384	-0.001449442991	-0.012259712075	-0.001089120383	-0.999568703399	0.029346567115	-0.012296960678	-0.029330978499	-0.999494111267	-0.337671442742	-0.052170166417	3.064353220462	16.831614
0.999944490083	-0.001378095029	-0.010445937299	-0.001067908317	-0.999560005602	0.029642111465	-0.010482190792	-0.029629310731	-0.999505991789	-0.337721199701	-0.051972384766	3.063653690195	16.831614
0.999960752873	-0.001606324055	-0.008712774347	-0.001349106275	-0.999565407050	0.029447868198	-0.008756290656	-0.029434957995	-0.999528344081	-0.338117983509	-0.051796376501	3.062711281337	16.831614
0.999973456158	-0.001785500828	-0.007063920002	-0.001581224880	-0.999583399908	0.028818854187	-0.007112433261	-0.028806919578	-0.999559690403	-0.338521057018	-0.051116252286	3.061841418841	16.831614
0.999982789299	-0.002063528779	-0.005492081114	-0.001911101098	-0.999616776337	0.027616085127	-0.005546963005	-0.027605113913	-0.999603515844	-0.339072977821	-0.050791231222	3.060511974749	16.831614
0.999989156070	-0.002216954393	-0.004095467638	-0.002108720473	-0.999653299747	0.026245639700	-0.004152233125	-0.026236718897	-0.999647134514	-0.339234811306	-0.050250169407	3.059994455158	16.831614
0.999992769238	-0.002570077176	-0.002802886956	-0.002499210991	-0.999684320359	0.025000271443	-0.002866254768	-0.024993085667	-0.999683515045	-0.339862754573	-0.050060682904	3.058482463583	16.831614
0.999993099924	-0.003323781633	-0.001659090399	-0.003282814184	-0.999703847741	0.024113065793	-0.001738745621	-0.024107452925	-0.999707861066	-0.339587933560	-0.050144321603	3.056137314626	16.831614
0.999993469586	-0.003607410371	-0.000217661612	-0.003601396324	-0.999724860496	0.023178292670	-0.000301215338	-0.023177357421	-0.999731323593	-0.340310035581	-0.050391889579	3.055797291466	16.831614
0.999991040929	-0.004063816347	0.001184676701	-0.004089802827	-0.999731061949	0.022827117382	0.001091592884	-0.022831757966	-0.999738725494	-0.340472944543	-0.050652006685	3.053552912611	16.831614
0.999987310748	-0.004283734179	0.002651030962	-0.004342952260	-0.999731742174	0.022750438563	0.002552862971	-0.022761663177	-0.999737660379	-0.340600074560	-0.050785259212	3.051543857907	16.831614
0.999982845272	-0.004390813318	0.003876843983	-0.004477824566	-0.999731658966	0.022727937608	0.003776009536	-0.022744907544	-0.999734170134	-0.340914727357	-0.050814824373	3.050576667552	16.831614
0.999977244986	-0.004364764902	0.005143766853	-0.004480981231	-0.999729936364	0.022802963515	0.005042848134	-0.022825493756	-0.999726745925	-0.341787402129	-0.050634284736	3.049714755039	16.831614
0.999972303294	-0.004873830421	0.005624804180	-0.005002890036	-0.999719173903	0.023163428542	0.005510329965	-0.023190927268	-0.999715868213	-0.341546352079	-0.051022823399	3.047568828649	16.831614
0.999966506212	-0.005189574499	0.006328883850	-0.005337856026	-0.999706239299	0.023641962676	0.006204332946	-0.023674953487	-0.999700456552	-0.342123676049	-0.050702141209	3.046761759017	16.831614
0.999960924941	-0.005403468748	0.006996507517	-0.005567539055	-0.999704863671	0.023647157592	0.006866665917	-0.023685186906	-0.999695884167	-0.342179977236	-0.050705437039	3.046193035494	16.831614
0.999951332104	-0.005570319592	0.008142785983	-0.005759094893	-0.999710844640	0.023346518699	0.008010383883	-0.023392277550	-0.999694270815	-0.342260554485	-0.050138209703	3.045623272091	16.831614
0.999941768473	-0.005685003277	0.009172807704	-0.005893591309	-0.999720952948	0.022875353948	0.009040201597	-0.022928082661	-0.999696242756	-0.342125613205	-0.050129084530	3.044291393111	16.831614
0.999929676273	-0.006090789528	0.010175696088	-0.006316938600	-0.999730426349	0.022342133251	0.010036871758	-0.022404841316	-0.999698596723	-0.341935728821	-0.050293744341	3.042812510032	16.831614
0.999914844182	-0.006560175826	0.011281333114	-0.006806356526	-0.999736475184	0.021923815768	0.011134536117	-0.021998733603	-0.999695992702	-0.342357062931	-0.050259515482	3.042288116716	16.831614
0.999900205109	-0.006902783573	0.012326045662	-0.007167201319	-0.999742334922	0.021538221617	0.012174195988	-0.021624415463	-0.999692039384	-0.342559253644	-0.049843168355	3.040944083460	16.831614
0.999885467899	-0.007469738325	0.013162602107	-0.007746949336	-0.999746575772	0.021136911016	0.013001379190	-0.021236460173	-0.999689940381	-0.342930223841	-0.049718866712	3.040669274364	16.831614
0.999878415454	-0.007916416017	0.013434458208	-0.008194965913	-0.999749920538	0.020807184308	0.013266380198	-0.020914749403	-0.999693241156	-0.342746399901	-0.049518683700	3.038171847670	16.831614
0.999856248859	-0.008284093227	0.014793762756	-0.008581365098	-0.999760235147	0.020145282112	0.014623330337	-0.020269336884	-0.999687607301	-0.343408920914	-0.049112749192	3.036388625311	16.831614
0.999843671584	-0.008832858537	0.015317082086	-0.009133411862	-0.999764917505	0.019664447984	0.015139788021	-0.019801271091	-0.999689299974	-0.343419395083	-0.049003446994	3.034528498598	16.831614
0.999825964294	-0.009007280841	0.016337380906	-0.009322023627	-0.999770424069	0.019292460516	0.016159857627	-0.019441400390	-0.999680394402	-0.344086216000	-0.048746043935	3.031448358855	16.831614
0.999811990188	-0.009133424290	0.017104526814	-0.009450327728	-0.999783471144	0.018539205296	0.016931496762	-0.018697363128	-0.999681815894	-0.344654446681	-0.048619204220	3.030231741730	16.831614
0.999787758173	-0.009564291798	0.018247271839	-0.009894389935	-0.999787465619	0.018086587254	0.018070408268	-0.018263294147	-0.999669901734	-0.345847510502	-0.048564135559	3.026042407154	16.831614
0.999778475691	-0.009673219281	0.018693003350	-0.010010000880	-0.999787739374	0.018007667253	0.018514843448	-0.018190795097	-0.999663091019	-0.346032267089	-0.048416332935	3.023465190526	16.831614
0.999771851533	-0.009477447533	0.019142175197	-0.009823680828	-0.999788369669	0.018075153351	0.018966817814	-0.018259076152	-0.999653372905	-0.347038494620	-0.048923337143	3.020254770540	16.831614
0.999762725031	-0.009245247956	0.019723565336	-0.009611125630	-0.999781981911	0.018536852740	0.019547887442	-0.018722020073	-0.999633615912	-0.347308753028	-0.049439663122	3.016558560300	16.831614
0.999754018983	-0.009130446029	0.020212285421	-0.009524651017	-0.999764611527	0.019493654376	0.020029541922	-0.019681374272	-0.999605652724	-0.348274878614	-0.049725459551	3.014900034528	16.831614
0.999749938750	-0.009063095105	0.020443098515	-0.009480075406	-0.999747089145	0.020393281155	0.020253101987	-0.020581983702	-0.999583009963	-0.348361705768	-0.050576395273	3.011790024951	16.831614
0.999743088020	-0.008978294355	0.020812212455	-0.009426668131	-0.999723399687	0.021546740962	0.020613002808	-0.021737395166	-0.999551194170	-0.349441499581	-0.050397784077	3.011263964898	16.831614
0.999747327972	-0.008427304902	0.020838923794	-0.008894720161	-0.999708625023	0.022439897680	0.020643743993	-0.022619584142	-0.999530985136	-0.350175373650	-0.050409146985	3.009410914964	16.831614
0.999754195075	-0.008005599124	0.020675101278	-0.008485031592	-0.999694691148	0.023206221793	0.020483009278	-0.023375946477	-0.999516889031	-0.350946422774	-0.050423390125	3.006004942332	16.831614
0.999755836172	-0.007814050114	0.020669026590	-0.008296775988	-0.999692378280	0.023373324884	0.020480028016	-0.023539104247	-0.999513120986	-0.351547335534	-0.049935898829	3.006207929905	16.831614
0.999767496076	-0.007473426671	0.020226262247	-0.007949309498	-0.999691037664	0.023550747165	0.020044008312	-0.023706056343	-0.999518014157	-0.352083637781	-0.049134439562	3.004289795793	16.831614
0.999772103977	-0.007191073244	0.020100462049	-0.007660988837	-0.999696829843	0.023399949829	0.019926097435	-0.023548606488	-0.999524093643	-0.352492411606	-0.048587065680	3.000849390598	16.831614
0.999770829796	-0.007144120000	0.020180422151	-0.007608029826	-0.999706385666	0.023005658870	0.020010141702	-0.023153919913	-0.999531635428	-0.353099703894	-0.048690507174	2.999228721236	16.831614
0.999768157729	-0.007116215940	0.020322161816	-0.007581499200	-0.999708764455	0.022910852065	0.020153204710	-0.023059612814	-0.999530941290	-0.353783837693	-0.048546053188	2.995417425797	16.831614
0.999763200514	-0.007029968305	0.020594233258	-0.007500934510	-0.999710042844	0.022881569416	0.020427405105	-0.023030627067	-0.999526043351	-0.354208356584	-0.048102539895	2.992258587720	16.831614
0.999767492286	-0.006972468714	0.020404559507	-0.007430798019	-0.999719830772	0.022473166256	0.020242149329	-0.022619563232	-0.999539199206	-0.354896670417	-0.048181436363	2.990557653597	16.831614
0.999767171510	-0.007102347010	0.020375461666	-0.007557007029	-0.999722213978	0.022324572195	0.020211244789	-0.022473351905	-0.999543122651	-0.355503463977	-0.047992200709	2.986676419326	16.831614
0.999769221494	-0.007192118279	0.020242954012	-0.007638845078	-0.999727064502	0.022078146379	0.020078640351	-0.022227684007	-0.999551288462	-0.356272708718	-0.048790577255	2.984109959637	16.831614
0.999773266299	-0.007042272307	0.020095332681	-0.007490477926	-0.999722893511	0.022316561812	0.019932604829	-0.022462025541	-0.999548972624	-0.356914016944	-0.049214795867	2.979513871846	16.831614
0.999770231306	-0.006930897058	0.020284162801	-0.007388167687	-0.999718285670	0.022555803595	0.020122116509	-0.022700483773	-0.999539788334	-0.358328546657	-0.049638844864	2.976436529381	16.831614
0.999774469824	-0.006744036941	0.020137712241	-0.007204872921	-0.999711797117	0.022900054831	0.019977469679	-0.023039979835	-0.999534921868	-0.359013169324	-0.049738862933	2.974045739188	16.831614
0.999776504976	-0.006468475092	0.020127069549	-0.006939196811	-0.999701953639	0.023406226482	0.019969668156	-0.023540661004	-0.999523411248	-0.359811059699	-0.049301248796	2.971690507394	16.831614
0.999775958580	-0.006350593296	0.020191647024	-0.006827347787	-0.999697438716	0.023630876968	0.020035467725	-0.023763438070	-0.999516822792	-0.361066529442	-0.049673127204	2.968772568482	16.831614
